  type t_2d_a is array(0 to 127, 0 to 127) of integer range 0 to 255;
  constant input_key : t_2d_a :=
  ((34560, 331655936, 0, 10944726, 6480384, 880803883, 2952790035, 11730998, 2137344, 989855948, 1229, 58624, 1701445688, 302012416, 2318080, 842475674, 12582912, 1482489856, 2359479, 16384, 3381723156, 417657461, 3416576, 385897472, 78, 2485762560, 1694498816, 2146959360, 0, 16693760, 3130609847, 1923328, 144, 0, 529, 0, 0, 54, 6, 238, 8, 184, 11, 78, 18, 43, 25, 40, 27, 151, 28, 148, 1, 226, 2, 221, 5, 112, 12, 37, 14, 100, 16, 50, 19, 33, 29, 87, 30, 181, 35, 6, 44, 8, 61, 83, 68, 174, 70, 164, 71, 57, 81, 101, 91, 250, 93, 243, 97, 158, 99, 123, 104, 41, 108, 235, 110, 103, 112, 144, 113, 182, 119, 198, 122, 54, 124, 130, 39, 201, 40, 19, 46, 222, 47, 57, 50, 160, 58, 86, 63, 63, 64, 28, 66, 152, 80, 101),
   (0, 27648, 676531071, 0, 4043309082, 14852444, 43776, 1546470114, 3014843, 62208, 1703936, 3925911808, 385941551, 8859392, 654311588, 3305128799, 249, 1387528192, 0, 39861, 2258960574, 33554432, 11245181, 2256142336, 2603211, 9043968, 3976200192, 662568991, 6656, 1023410176, 9306112, 14391040, 144, 0, 529, 0, 1, 226, 5, 65, 10, 160, 14, 117, 15, 221, 19, 253, 0, 128, 3, 39, 6, 250, 7, 161, 18, 105, 20, 213, 30, 116, 33, 40, 34, 169, 36, 88, 40, 92, 47, 115, 51, 84, 58, 37, 60, 45, 77, 118, 80, 54, 81, 145, 85, 74, 92, 122, 96, 242, 97, 15, 98, 255, 99, 94, 108, 173, 109, 216, 121, 221, 125, 153, 22, 131, 24, 121, 26, 178, 46, 183, 48, 46, 50, 38, 52, 29, 63, 11, 66, 60, 67, 166, 68, 193, 69, 99),
   (2264924286, 3765087488, 88539136, 124, 761276928, 154, 2740846675, 2290678237, 3671251968, 1998389248, 3788655, 64512, 0, 191, 3691538682, 4093640788, 8922, 15270068, 2785019904, 13500416, 167772324, 2650800128, 1929379840, 0, 436207782, 139, 0, 1644167212, 3942646012, 0, 6998807, 16579888, 144, 0, 529, 0, 2, 115, 3, 99, 15, 190, 17, 33, 19, 247, 20, 55, 38, 231, 39, 185, 52, 233, 54, 104, 56, 147, 58, 14, 61, 234, 65, 24, 69, 154, 71, 232, 73, 35, 76, 21, 80, 204, 85, 163, 8, 77, 14, 89, 23, 47, 25, 185, 26, 22, 29, 227, 35, 123, 43, 168, 50, 105, 57, 34, 59, 156, 60, 137, 63, 212, 64, 172, 66, 32, 68, 207, 70, 208, 78, 2, 79, 207, 81, 98, 82, 245, 83, 67, 89, 202, 91, 45, 92, 133, 94, 21),
   (32256, 15925248, 16421659, 2315313468, 0, 2604876, 96, 3530074368, 3405775068, 3439329280, 18688, 3150714624, 3088056329, 2818572288, 3997803, 3608412160, 791310348, 3072, 3221225681, 531628032, 5243059, 4247910656, 1660998400, 1291845632, 52736, 318767152, 2080374784, 3087032456, 61, 335456256, 2286382912, 3084654, 144, 0, 529, 0, 2, 44, 3, 136, 9, 196, 23, 135, 24, 222, 26, 137, 28, 215, 30, 223, 32, 146, 37, 98, 38, 30, 42, 69, 46, 213, 48, 166, 56, 103, 58, 253, 65, 139, 71, 75, 72, 91, 75, 111, 76, 118, 78, 90, 81, 99, 83, 1, 85, 39, 91, 2, 92, 206, 96, 51, 108, 242, 1, 31, 4, 204, 8, 104, 18, 57, 19, 33, 22, 133, 36, 133, 43, 129, 44, 18, 47, 95, 62, 228, 67, 107, 73, 184, 82, 94, 84, 150, 87, 152, 89, 121),
   (318824448, 0, 4159702296, 3472883726, 205, 1325400312, 738197504, 587237888, 2708162, 4143986078, 905969705, 2701184512, 11075764, 232, 45056, 3025536540, 342704640, 3774937707, 922766336, 0, 3864658090, 58694, 2424840, 14483630, 13791982, 1258338473, 14029, 10794188, 472637952, 250, 26209, 0, 144, 0, 529, 0, 0, 50, 3, 215, 4, 180, 20, 135, 21, 45, 24, 174, 26, 252, 30, 172, 32, 26, 33, 33, 35, 213, 36, 143, 39, 255, 57, 132, 58, 224, 1, 197, 2, 244, 6, 246, 10, 204, 11, 114, 16, 65, 25, 234, 27, 88, 38, 133, 43, 168, 46, 194, 49, 99, 52, 170, 56, 43, 64, 233, 66, 192, 69, 208, 70, 127, 74, 148, 76, 87, 79, 70, 85, 186, 86, 238, 93, 204, 103, 203, 104, 38, 105, 144, 118, 5, 119, 115, 120, 124, 121, 86),
   (3288361715, 0, 15933184, 520093696, 8701952, 4271360, 3307451392, 4060086384, 38, 3875602432, 319560248, 6419972, 15316194, 180, 57088, 5570720, 0, 1376495, 10240, 33822, 156, 18871, 44800, 1217593373, 0, 4261413073, 2369716328, 1943994368, 64256, 7733248, 6488293, 12648448, 4, 54, 6, 219, 160, 0, 529, 0, 4, 176, 12, 244, 13, 204, 14, 152, 21, 37, 25, 128, 29, 40, 30, 74, 32, 73, 39, 164, 43, 208, 44, 223, 47, 66, 48, 137, 0, 95, 2, 104, 5, 223, 8, 119, 15, 105, 17, 133, 19, 221, 23, 196, 26, 126, 27, 79, 31, 86, 36, 63, 38, 163, 60, 224, 74, 173, 76, 77, 87, 175, 88, 14, 94, 127, 97, 252, 100, 45, 102, 155, 104, 183, 111, 253, 116, 119, 117, 22, 118, 255, 123, 3, 63, 68, 67, 64),
   (2876026112, 0, 16515072, 3590324279, 738197504, 1241179392, 1358954496, 6619374, 3221232128, 469762246, 2351877632, 3439368448, 2456124513, 3460874543, 2835349504, 4133217536, 892731485, 520093696, 2597753473, 2149598642, 655360, 2986344448, 7667940, 0, 0, 7158791, 1722932110, 788529152, 1078299, 11665408, 3303276544, 0, 72, 68, 33, 0, 8318816, 0, 8307152, 0, 32, 0, 528, 0, 7, 239, 9, 187, 11, 144, 12, 30, 14, 75, 15, 5, 16, 30, 17, 19, 18, 139, 19, 73, 21, 40, 23, 139, 25, 126, 26, 95, 0, 32, 1, 46, 2, 210, 4, 41, 30, 62, 38, 99, 48, 53, 54, 99, 59, 251, 60, 33, 61, 39, 65, 216, 66, 123, 71, 213, 72, 68, 73, 175, 75, 243, 76, 7, 77, 57, 80, 97, 83, 75, 84, 151, 85, 143, 90, 211, 100, 174, 103, 255, 104, 232, 118, 205),
   (0, 0, 3428066816, 0, 38672, 10551296, 2817703155, 951808, 1659883845, 2751266816, 0, 2342130855, 15532032, 43374, 0, 212, 52768, 245, 1240072341, 4080444331, 209, 83937536, 6881428, 1879083398, 510754, 3003147776, 3789139809, 1824194560, 2851471360, 1107303016, 1996488704, 3539992576, 86, 72, 33, 0, 8316784, 0, 8322064, 0, 32, 0, 528, 0, 2, 94, 7, 242, 8, 97, 15, 203, 24, 75, 5, 35, 9, 60, 14, 14, 19, 112, 20, 198, 22, 175, 23, 27, 31, 40, 33, 126, 37, 99, 38, 54, 39, 136, 41, 75, 42, 167, 45, 7, 49, 227, 52, 95, 58, 128, 71, 43, 75, 156, 76, 194, 83, 95, 85, 120, 86, 72, 93, 88, 94, 217, 97, 190, 103, 169, 114, 159, 125, 174, 29, 192, 30, 35, 43, 200, 48, 87, 51, 238, 60, 234, 64, 22),
   (2622720, 4143972556, 5832845, 0, 4160553003, 54048, 1583415474, 1985774008, 1090526257, 1862309120, 3696640, 11367936, 0, 83886083, 1006663424, 8832768, 11065088, 352714752, 3238002688, 11463168, 1124073472, 2852126804, 1307246592, 1677763584, 1023445760, 20, 1459657728, 6275432, 2177162405, 218143488, 7334584, 33554432, 64, 50, 129, 0, 3730570216, 32734, 8332256, 0, 79, 69, 83, 16, 84, 131, 90, 130, 94, 21, 104, 179, 107, 26, 110, 164, 111, 133, 114, 138, 115, 251, 120, 70, 128, 0, 544, 0, 0, 93, 1, 180, 12, 195, 14, 39, 23, 55, 30, 22, 35, 188, 36, 242, 40, 10, 43, 250, 51, 24, 53, 114, 54, 102, 57, 34, 60, 208, 61, 165, 64, 94, 65, 99, 67, 237, 2, 233, 5, 21, 8, 6, 11, 190, 15, 127, 17, 169, 18, 98, 21, 99, 22, 8, 25, 127, 27, 164),
   (5457914, 4042521684, 1493172254, 4043309067, 1560281088, 1358976768, 3932321, 2583723008, 716898304, 59392, 1330839552, 54784, 2590900224, 9411415, 721420539, 4522205, 1497753369, 34666, 2281735282, 0, 1593872873, 3791650816, 12777593, 6029312, 2810929037, 120, 4043343360, 4907972, 58827, 22318, 4022784, 9751808, 78, 50, 145, 0, 721043, 85917734, 157, 12227332, 1139749460, 916455424, 30208, 0, 2936012890, 2526609485, 4074963054, 19200, 1493172245, 4331520, 1241513984, 3422608659, 4278195097, 2197827419, 2447616, 1124073646, 2113929216, 134239232, 1212160, 1476395008, 53346, 2406219776, 1179648, 5832704, 2427256886, 77416448, 26368, 1315316736, 144, 0, 529, 0, 2, 166, 3, 192, 4, 55, 8, 193, 9, 136, 11, 168, 24, 129, 27, 111, 30, 110, 33, 68, 46, 90, 49, 237, 53, 76, 61, 18, 62, 253, 64, 184, 6, 154, 7, 73, 15, 170, 18, 140, 20, 155, 23, 233, 29, 220, 35, 100, 36, 203, 39, 146, 41, 172, 55, 147),
   (721043, 85917734, 157, 12227332, 1139749460, 916455424, 30208, 0, 2936012890, 2526609485, 4074963054, 19200, 1493172245, 4331520, 1241513984, 3422608659, 4278195097, 2197827419, 2447616, 1124073646, 2113929216, 134239232, 1212160, 1476395008, 53346, 2406219776, 1179648, 5832704, 2427256886, 77416448, 26368, 1315316736, 144, 0, 529, 0, 2, 166, 3, 192, 4, 55, 8, 193, 9, 136, 11, 168, 24, 129, 27, 111, 30, 110, 33, 68, 46, 90, 49, 237, 53, 76, 61, 18, 62, 253, 64, 184, 6, 154, 7, 73, 15, 170, 18, 140, 20, 155, 23, 233, 29, 220, 35, 100, 36, 203, 39, 146, 41, 172, 55, 147, 56, 33, 58, 90, 59, 241, 60, 20, 70, 148, 71, 27, 73, 118, 75, 243, 77, 104, 79, 18, 83, 16, 84, 159, 86, 77, 94, 28, 104, 128, 108, 88, 109, 88, 110, 98),
   (8323099, 402653184, 2367593728, 2187985080, 381433344, 3942645760, 2466291809, 193102, 3280994370, 3638699776, 11294808, 1176291584, 3220544512, 11787776, 4234018971, 1924597712, 12255232, 12475355, 2829844480, 7936, 3507159040, 1325410567, 16056449, 1422686464, 190, 3825232590, 3695296540, 0, 30, 167, 1324178168, 12133632, 60, 5, 145, 0, 138, 3474970112, 15794306, 35117, 12845299, 0, 8, 2470117413, 2921220531, 12887, 3000827904, 291700736, 3722466048, 254, 62464, 13452032, 1627389985, 12779520, 6553600, 2734705350, 1191182336, 3965, 40572, 184820480, 2303879936, 52224, 1537990656, 1159011328, 2215, 202080768, 1778385116, 1728053248, 144, 0, 529, 0, 3, 225, 13, 19, 10, 147, 12, 137, 15, 182, 17, 25, 18, 164, 21, 117, 29, 87, 33, 75, 35, 93, 38, 242, 39, 84, 51, 126, 55, 56, 56, 86, 58, 152, 63, 77, 65, 109, 69, 39, 78, 203, 79, 67, 80, 113, 81, 26, 92, 64, 96, 113, 98, 126, 103, 121),
   (138, 3474970112, 15794306, 35117, 12845299, 0, 8, 2470117413, 2921220531, 12887, 3000827904, 291700736, 3722466048, 254, 62464, 13452032, 1627389985, 12779520, 6553600, 2734705350, 1191182336, 3965, 40572, 184820480, 2303879936, 52224, 1537990656, 1159011328, 2215, 202080768, 1778385116, 1728053248, 144, 0, 529, 0, 3, 225, 13, 19, 10, 147, 12, 137, 15, 182, 17, 25, 18, 164, 21, 117, 29, 87, 33, 75, 35, 93, 38, 242, 39, 84, 51, 126, 55, 56, 56, 86, 58, 152, 63, 77, 65, 109, 69, 39, 78, 203, 79, 67, 80, 113, 81, 26, 92, 64, 96, 113, 98, 126, 103, 121, 104, 126, 108, 212, 109, 163, 112, 52, 115, 182, 116, 30, 117, 128, 124, 53, 16, 165, 23, 251, 25, 14, 30, 211, 31, 100, 32, 116, 36, 31, 47, 133, 48, 96, 57, 181),
   (2801795072, 0, 47722, 4864, 15110144, 6341, 1912602624, 889201664, 14865, 4283750, 1577110016, 150994944, 4653099, 2231411968, 12438528, 29011, 3703242762, 285237771, 62656, 160, 268435567, 3623223483, 1024, 0, 2667591424, 1813643382, 2382374557, 3080192, 12144128, 5985071, 3321892595, 1258291200, 72, 233, 145, 0, 225, 0, 37632, 2299723958, 2769921024, 7667963, 917504, 5755748, 1951072349, 520155732, 0, 133, 1610612862, 56, 1454741737, 7012429, 7143424, 2574592, 22, 7195459, 1897529344, 8808192, 1506738285, 1073741873, 1903590912, 10485881, 2113977344, 3567452160, 879755446, 511705298, 0, 889213184, 144, 0, 529, 0, 5, 180, 10, 118, 11, 160, 15, 117, 16, 120, 1, 171, 7, 188, 19, 177, 21, 178, 32, 102, 33, 95, 34, 22, 46, 237, 49, 62, 50, 110, 53, 154, 57, 78, 60, 252, 63, 8, 71, 218, 75, 203, 77, 32, 80, 226, 83, 114, 90, 85, 97, 182, 104, 190, 111, 137),
   (225, 0, 37632, 2299723958, 2769921024, 7667963, 917504, 5755748, 1951072349, 520155732, 0, 133, 1610612862, 56, 1454741737, 7012429, 7143424, 2574592, 22, 7195459, 1897529344, 8808192, 1506738285, 1073741873, 1903590912, 10485881, 2113977344, 3567452160, 879755446, 511705298, 0, 889213184, 144, 0, 529, 0, 5, 180, 10, 118, 11, 160, 15, 117, 16, 120, 1, 171, 7, 188, 19, 177, 21, 178, 32, 102, 33, 95, 34, 22, 46, 237, 49, 62, 50, 110, 53, 154, 57, 78, 60, 252, 63, 8, 71, 218, 75, 203, 77, 32, 80, 226, 83, 114, 90, 85, 97, 182, 104, 190, 111, 137, 112, 242, 113, 159, 114, 108, 119, 14, 36, 75, 37, 162, 40, 98, 41, 100, 44, 251, 48, 133, 58, 126, 59, 12, 70, 165, 78, 20, 88, 22, 92, 100, 98, 207, 106, 63),
   (3590356028, 234895104, 722104, 755021312, 9534014, 14483456, 13333760, 3230630912, 3422937162, 16358656, 3774873647, 2606322176, 3288334569, 3209226121, 3036702976, 9437216, 2618294398, 3548346246, 2866675712, 16343808, 1947846912, 15274240, 3187684352, 6946816, 4456448, 11931828, 21823488, 2449473536, 3921309696, 379519156, 3254779997, 4227906086, 71, 25, 161, 0, 15805696, 11264, 4150084374, 42240, 0, 26112, 2332063946, 1201733682, 4162742164, 1325400304, 637590016, 2737299456, 16738493, 14287103, 20, 1090519254, 2731866630, 3690987583, 7864565, 4260033320, 21143, 309076379, 4120557, 1671181354, 1470720, 15948032, 7469, 4181721088, 2013300494, 3204448256, 4261412959, 3858759733, 3730570120, 32734, 3730570120, 32734, 160, 0, 1041, 0, 7, 20, 8, 118, 9, 214, 20, 239, 24, 201, 26, 237, 28, 48, 34, 91, 38, 184, 44, 147, 0, 229, 1, 169, 2, 252, 3, 23, 4, 206, 5, 246, 6, 153, 10, 75, 11, 201, 15, 82, 16, 224, 21, 183, 23, 215, 27, 229, 29, 222, 30, 226),
   (15805696, 11264, 4150084374, 42240, 0, 26112, 2332063946, 1201733682, 4162742164, 1325400304, 637590016, 2737299456, 16738493, 14287103, 20, 1090519254, 2731866630, 3690987583, 7864565, 4260033320, 21143, 309076379, 4120557, 1671181354, 1470720, 15948032, 7469, 4181721088, 2013300494, 3204448256, 4261412959, 3858759733, 3730570120, 32734, 3730570120, 32734, 160, 0, 1041, 0, 7, 20, 8, 118, 9, 214, 20, 239, 24, 201, 26, 237, 28, 48, 34, 91, 38, 184, 44, 147, 0, 229, 1, 169, 2, 252, 3, 23, 4, 206, 5, 246, 6, 153, 10, 75, 11, 201, 15, 82, 16, 224, 21, 183, 23, 215, 27, 229, 29, 222, 30, 226, 31, 222, 33, 173, 41, 118, 42, 62, 43, 97, 48, 103, 53, 122, 59, 171, 61, 125, 66, 71, 68, 125, 71, 111, 72, 90, 74, 101, 75, 113, 76, 140, 83, 178, 87, 124),
   (1644191744, 8650752, 4244697020, 3303414161, 58876, 469762048, 2801795241, 7397120, 3792917811, 5046272, 3080192, 14876893, 13879546, 50345647, 391218432, 4458389, 2758942435, 2896756954, 14336, 65624, 4680448, 1100677140, 553677824, 22016, 2375749043, 0, 886566656, 12779520, 40421, 7238728, 32000, 55839, 36, 3, 145, 0, 3791661568, 13107351, 12854, 9479290, 15007910, 2070491136, 2600468697, 419457835, 9109504, 1478033588, 2885672960, 0, 0, 1183116661, 0, 182, 2276369920, 6435840, 2350401280, 0, 52379, 0, 0, 7, 1778446664, 7471104, 3774873713, 1221433, 1744830464, 2197850278, 192348160, 3506489600, 105, 136, 33, 0, 8307152, 0, 8325552, 0, 32, 0, 528, 0, 5, 1, 7, 253, 11, 226, 15, 249, 18, 25, 19, 248, 25, 99, 2, 29, 10, 153, 13, 65, 17, 77, 26, 162, 28, 10, 32, 79, 38, 224, 42, 127, 44, 2, 49, 127, 52, 55, 61, 186, 63, 183, 64, 251, 70, 75, 92, 250),
   (3791661568, 13107351, 12854, 9479290, 15007910, 2070491136, 2600468697, 419457835, 9109504, 1478033588, 2885672960, 0, 0, 1183116661, 0, 182, 2276369920, 6435840, 2350401280, 0, 52379, 0, 0, 7, 1778446664, 7471104, 3774873713, 1221433, 1744830464, 2197850278, 192348160, 3506489600, 105, 136, 33, 0, 8307152, 0, 8325552, 0, 32, 0, 528, 0, 5, 1, 7, 253, 11, 226, 15, 249, 18, 25, 19, 248, 25, 99, 2, 29, 10, 153, 13, 65, 17, 77, 26, 162, 28, 10, 32, 79, 38, 224, 42, 127, 44, 2, 49, 127, 52, 55, 61, 186, 63, 183, 64, 251, 70, 75, 92, 250, 97, 57, 102, 125, 103, 158, 110, 246, 111, 98, 113, 215, 120, 13, 125, 208, 127, 153, 50, 34, 54, 203, 62, 238, 69, 206, 77, 113, 78, 200, 79, 46, 82, 174, 84, 200),
   (1703936, 3439329296, 721441792, 4076863550, 16557568, 16580705, 7385344, 1343129121, 4791808, 16252928, 3294101537, 0, 3525041920, 11955200, 9756129, 234, 1929379896, 0, 114, 3741334784, 1862321408, 18513, 4143981312, 3674210304, 234927843, 3305157004, 8487654, 33, 1376256, 11955712, 2194210410, 3036734033, 39, 151, 145, 0, 872415232, 1325418752, 5322475, 0, 1866496, 13982464, 3016097792, 2650822400, 2298478843, 32759, 46592, 117501817, 2645504, 2734713341, 757858304, 2279014457, 169, 385875968, 2600526164, 815464631, 13584896, 3892374272, 922754816, 0, 3910233344, 3691614208, 1977614457, 14336, 2946766592, 14826, 11534356, 2298533440, 32, 117, 33, 0, 8322064, 0, 8298080, 0, 32, 0, 528, 0, 6, 46, 9, 83, 12, 221, 17, 47, 18, 255, 22, 215, 24, 144, 25, 75, 29, 203, 32, 191, 40, 219, 1, 26, 2, 57, 5, 12, 8, 56, 10, 227, 11, 172, 19, 88, 23, 168, 26, 100, 28, 213, 36, 131, 44, 72, 47, 93),
   (872415232, 1325418752, 5322475, 0, 1866496, 13982464, 3016097792, 2650822400, 2298478843, 32759, 46592, 117501817, 2645504, 2734713341, 757858304, 2279014457, 169, 385875968, 2600526164, 815464631, 13584896, 3892374272, 922754816, 0, 3910233344, 3691614208, 1977614457, 14336, 2946766592, 14826, 11534356, 2298533440, 32, 117, 33, 0, 8322064, 0, 8298080, 0, 32, 0, 528, 0, 6, 46, 9, 83, 12, 221, 17, 47, 18, 255, 22, 215, 24, 144, 25, 75, 29, 203, 32, 191, 40, 219, 1, 26, 2, 57, 5, 12, 8, 56, 10, 227, 11, 172, 19, 88, 23, 168, 26, 100, 28, 213, 36, 131, 44, 72, 47, 93, 52, 200, 66, 208, 68, 153, 74, 107, 87, 238, 92, 140, 96, 60, 97, 166, 103, 22, 108, 89, 112, 47, 114, 147, 120, 218, 127, 219, 43, 131, 45, 149, 46, 118, 48, 219),
   (2162294823, 4324001, 40960, 30173, 27133, 3573580544, 2030088704, 29696, 2664704, 1476395008, 1543503872, 46963, 771761748, 486539264, 9472, 754974731, 15526, 3244490752, 0, 947257344, 915472384, 1883897856, 524288, 2046820352, 4061134686, 11927552, 3061021696, 2916614144, 65536, 4244635900, 14483547, 10027008, 55, 140, 145, 0, 10551487, 3007744, 3545694208, 1572864, 1711288320, 1535311872, 2192507004, 1018626048, 553648211, 35204, 14115644, 188, 752484352, 1538867456, 10420224, 2653952, 855179264, 524288, 0, 5832773, 16, 2212364288, 16155185, 3339785542, 10989312, 10361088, 3009019930, 42117, 3741354747, 3168645012, 1174405191, 3791650816, 23, 92, 33, 0, 8325552, 0, 3730570120, 32734, 32, 0, 1040, 0, 0, 106, 1, 1, 3, 16, 6, 101, 7, 237, 11, 245, 16, 255, 17, 211, 20, 40, 22, 218, 23, 235, 25, 227, 26, 62, 27, 14, 28, 186, 29, 180, 30, 213, 32, 242, 37, 127, 47, 7, 48, 242, 4, 169, 5, 233, 9, 110),
   (10551487, 3007744, 3545694208, 1572864, 1711288320, 1535311872, 2192507004, 1018626048, 553648211, 35204, 14115644, 188, 752484352, 1538867456, 10420224, 2653952, 855179264, 524288, 0, 5832773, 16, 2212364288, 16155185, 3339785542, 10989312, 10361088, 3009019930, 42117, 3741354747, 3168645012, 1174405191, 3791650816, 23, 92, 33, 0, 8325552, 0, 3730570120, 32734, 32, 0, 1040, 0, 0, 106, 1, 1, 3, 16, 6, 101, 7, 237, 11, 245, 16, 255, 17, 211, 20, 40, 22, 218, 23, 235, 25, 227, 26, 62, 27, 14, 28, 186, 29, 180, 30, 213, 32, 242, 37, 127, 47, 7, 48, 242, 4, 169, 5, 233, 9, 110, 12, 224, 13, 71, 19, 27, 33, 180, 36, 253, 43, 159, 45, 43, 50, 162, 55, 119, 56, 219, 57, 81, 61, 247, 62, 85, 63, 173, 72, 237, 76, 212, 87, 45, 94, 249),
   (727489100, 4160749568, 536870912, 12974848, 97, 0, 1578828005, 4784128, 9109624, 1677721690, 531103973, 4315112, 2682987520, 2048, 50307, 2424854, 764241920, 607584256, 3924819968, 655360, 1806630912, 1435138, 788531615, 4131119, 61341843, 40, 11689216, 469762183, 749600860, 35464, 2231369728, 6881416, 92, 136, 145, 0, 2952831744, 751128999, 1577058451, 7471104, 2343017216, 3011084894, 4915328, 37376, 3087007744, 83, 311465984, 3695823201, 3221229535, 6941440, 15466548, 2919268608, 1430401, 4093640704, 2164260864, 4522077, 27, 285253376, 0, 2264924160, 3355443200, 981663744, 3523251452, 3884691678, 832774096, 2801846247, 2080374960, 11993284, 19, 81, 49, 0, 8330336, 0, 8302832, 0, 29, 237, 37, 153, 48, 0, 528, 0, 3, 138, 4, 207, 5, 31, 9, 241, 6, 214, 11, 130, 15, 45, 28, 147, 33, 30, 38, 50, 39, 87, 41, 221, 45, 99, 48, 221, 50, 83, 55, 254, 58, 244, 62, 67, 64, 97, 69, 195, 73, 100, 78, 74),
   (2952831744, 751128999, 1577058451, 7471104, 2343017216, 3011084894, 4915328, 37376, 3087007744, 83, 311465984, 3695823201, 3221229535, 6941440, 15466548, 2919268608, 1430401, 4093640704, 2164260864, 4522077, 27, 285253376, 0, 2264924160, 3355443200, 981663744, 3523251452, 3884691678, 832774096, 2801846247, 2080374960, 11993284, 19, 81, 49, 0, 8330336, 0, 8302832, 0, 29, 237, 37, 153, 48, 0, 528, 0, 3, 138, 4, 207, 5, 31, 9, 241, 6, 214, 11, 130, 15, 45, 28, 147, 33, 30, 38, 50, 39, 87, 41, 221, 45, 99, 48, 221, 50, 83, 55, 254, 58, 244, 62, 67, 64, 97, 69, 195, 73, 100, 78, 74, 79, 198, 80, 71, 86, 15, 87, 125, 90, 158, 91, 124, 92, 11, 93, 4, 96, 137, 98, 107, 108, 69, 109, 21, 110, 28, 114, 8, 116, 12, 118, 130, 123, 220, 14, 137),
   (24064, 2294002, 1631322112, 3787, 112, 3321933595, 1258291200, 12591912, 8257536, 6502024, 4958152, 458752, 1474494702, 1593835520, 32768, 3925868544, 374982144, 947847211, 55196, 3254788608, 6751, 7882752, 3118097186, 5822886, 12494268, 9641, 0, 0, 13672192, 31021, 7797525, 11439104, 93, 106, 145, 0, 11206656, 11796668, 30368, 117, 2013266097, 11665408, 0, 0, 1717507584, 1268908032, 1650720768, 4211141888, 2235461120, 10092544, 5144076, 4227858440, 0, 42458, 203, 2102272, 3791650930, 0, 369120512, 1677721600, 11980544, 0, 3187687168, 137, 4070534144, 14, 1603010560, 28416, 64, 156, 65, 0, 8300768, 0, 3730570152, 32734, 71, 134, 72, 170, 77, 249, 81, 25, 64, 0, 528, 0, 1, 164, 9, 251, 16, 20, 24, 52, 28, 218, 33, 251, 36, 177, 39, 84, 45, 62, 46, 171, 53, 147, 2, 250, 3, 107, 11, 155, 14, 233, 19, 225, 23, 131, 26, 12, 32, 95, 42, 57),
   (11206656, 11796668, 30368, 117, 2013266097, 11665408, 0, 0, 1717507584, 1268908032, 1650720768, 4211141888, 2235461120, 10092544, 5144076, 4227858440, 0, 42458, 203, 2102272, 3791650930, 0, 369120512, 1677721600, 11980544, 0, 3187687168, 137, 4070534144, 14, 1603010560, 28416, 64, 156, 65, 0, 8300768, 0, 3730570152, 32734, 71, 134, 72, 170, 77, 249, 81, 25, 64, 0, 528, 0, 1, 164, 9, 251, 16, 20, 24, 52, 28, 218, 33, 251, 36, 177, 39, 84, 45, 62, 46, 171, 53, 147, 2, 250, 3, 107, 11, 155, 14, 233, 19, 225, 23, 131, 26, 12, 32, 95, 42, 57, 48, 211, 54, 232, 65, 137, 67, 216, 70, 239, 75, 117, 77, 199, 82, 120, 89, 244, 91, 32, 93, 164, 97, 73, 102, 81, 109, 119, 112, 63, 113, 210, 114, 164, 116, 14),
   (318788448, 243, 2996895841, 134217728, 3400128768, 31973, 2147483648, 2395416215, 520150272, 3959471236, 55019, 3084707072, 4228825088, 39168, 11554560, 1483834955, 5919272, 10748062, 1862271122, 3578790080, 3367058458, 973078554, 65, 1376256, 7040401, 4164993570, 3948784896, 3976200192, 3321888768, 567893, 1321664512, 1591541760, 0, 0, 145, 0, 6064338, 603062272, 1989804032, 2469724352, 1191188816, 2650815488, 142, 15849876, 1325400186, 4228538624, 13959211, 2751475712, 700104379, 770759451, 5308634, 50688, 2667577344, 0, 5546, 14330112, 11910919, 188, 51712, 117440572, 2885718880, 8716371, 1909588117, 1503854807, 0, 847446016, 0, 56832, 9, 248, 129, 0, 8305280, 0, 8315168, 0, 19, 35, 20, 31, 22, 130, 23, 9, 25, 99, 28, 202, 30, 51, 31, 184, 34, 109, 35, 244, 37, 47, 40, 79, 128, 0, 528, 0, 11, 156, 12, 83, 16, 104, 20, 94, 26, 110, 27, 192, 40, 30, 42, 93, 49, 162, 5, 180, 6, 124, 17, 200),
   (6064338, 603062272, 1989804032, 2469724352, 1191188816, 2650815488, 142, 15849876, 1325400186, 4228538624, 13959211, 2751475712, 700104379, 770759451, 5308634, 50688, 2667577344, 0, 5546, 14330112, 11910919, 188, 51712, 117440572, 2885718880, 8716371, 1909588117, 1503854807, 0, 847446016, 0, 56832, 9, 248, 129, 0, 8305280, 0, 8315168, 0, 19, 35, 20, 31, 22, 130, 23, 9, 25, 99, 28, 202, 30, 51, 31, 184, 34, 109, 35, 244, 37, 47, 40, 79, 128, 0, 528, 0, 11, 156, 12, 83, 16, 104, 20, 94, 26, 110, 27, 192, 40, 30, 42, 93, 49, 162, 5, 180, 6, 124, 17, 200, 19, 223, 21, 38, 23, 36, 24, 15, 28, 190, 29, 166, 30, 25, 31, 160, 32, 8, 37, 34, 45, 101, 46, 19, 48, 149, 51, 254, 57, 116, 62, 26, 63, 99, 64, 121),
   (3006105704, 25870, 1543503874, 989878159, 2708471822, 46921, 12583111, 4043361623, 946, 1828764416, 4174118542, 57040, 11839114, 1862271155, 7809024, 0, 12976148, 1577119834, 3690987579, 7995392, 117450540, 2600486104, 3808428156, 13172977, 0, 3170893824, 4097245296, 15597568, 1205774299, 11072256, 8585250, 6160621, 144, 0, 145, 0, 4389289, 2315255942, 2172387570, 2413444, 14642054, 1467219968, 2451767334, 3654090933, 2889744557, 0, 4177526818, 3925926400, 2899646829, 0, 3422571008, 2888106152, 15400960, 1058406400, 1862041088, 5222656, 1310982144, 33601940, 13710080, 838920192, 47360, 13532317, 2063597568, 1855324383, 771751936, 2686976, 2754347164, 2508259328, 45, 191, 129, 0, 8332256, 0, 8317632, 0, 75, 199, 76, 15, 79, 222, 80, 110, 89, 162, 92, 40, 106, 184, 107, 62, 108, 145, 110, 152, 113, 230, 5, 251, 128, 0, 528, 0, 6, 128, 7, 243, 10, 67, 16, 253, 19, 223, 20, 48, 25, 194, 33, 7, 35, 228, 38, 244, 40, 107, 46, 140),
   (4389289, 2315255942, 2172387570, 2413444, 14642054, 1467219968, 2451767334, 3654090933, 2889744557, 0, 4177526818, 3925926400, 2899646829, 0, 3422571008, 2888106152, 15400960, 1058406400, 1862041088, 5222656, 1310982144, 33601940, 13710080, 838920192, 47360, 13532317, 2063597568, 1855324383, 771751936, 2686976, 2754347164, 2508259328, 45, 191, 129, 0, 8332256, 0, 8317632, 0, 75, 199, 76, 15, 79, 222, 80, 110, 89, 162, 92, 40, 106, 184, 107, 62, 108, 145, 110, 152, 113, 230, 5, 251, 128, 0, 528, 0, 6, 128, 7, 243, 10, 67, 16, 253, 19, 223, 20, 48, 25, 194, 33, 7, 35, 228, 38, 244, 40, 107, 46, 140, 47, 109, 49, 212, 50, 150, 51, 112, 55, 176, 56, 145, 58, 77, 60, 87, 61, 198, 71, 223, 3, 31, 12, 163, 21, 56, 27, 213, 32, 133, 41, 234, 45, 30, 57, 69),
   (920837376, 7400960, 3087007822, 620782592, 838871841, 0, 2621591, 2488775936, 6, 201, 318767104, 134274617, 40960, 0, 22016, 5439551, 469800960, 2919277625, 0, 0, 1701117952, 1962934272, 6273274, 2163412992, 10354811, 14155776, 693370880, 3951716096, 2427846656, 198, 13824, 2181038080, 144, 0, 145, 0, 56011, 49250, 1093316547, 2919265484, 4175560704, 2298487040, 3087033887, 1325444096, 26112, 5209088, 2646540288, 1139081276, 15861981, 1188429908, 3758115167, 444265216, 1459644160, 7151562, 22784, 2246373962, 755008000, 3307650292, 14876705, 7667804, 15007744, 0, 147507330, 13310866, 2717908992, 3254780033, 3540003840, 220410112, 59, 75, 129, 0, 8315168, 0, 3730570216, 32734, 76, 19, 83, 214, 87, 98, 88, 230, 90, 175, 92, 125, 99, 1, 105, 170, 111, 90, 115, 26, 116, 3, 118, 203, 128, 0, 528, 0, 2, 220, 6, 26, 8, 28, 15, 224, 16, 103, 17, 85, 19, 30, 21, 169, 26, 22, 27, 221, 29, 3, 32, 102),
   
  type key is array(0 to 127) of integer;
  constant answer_key : key :=
  ( 0, 5505047, 524312, 3342362, 19, 2424857, 6750239, 6357008, 3604499, 983068, 983061, 4063253, 1769499, 4653074, 852005, 6815761, 4390940, 3407890, 6225932, 458784, 6619161, 7405585, 4522017, 6160408, 5505062, 2949158, 4128800, 19, 5439515, 720919, 5505047, 2293781, 6815768, 983062, 3604501, 7929871, 2752523, 2883608, 5308443, 5439515, 6160414, 6553630, 4, 2359308, 7012374, 2818079, 7405595, 6225944, 4390944, 65560, 6357023, 5373969, 4653071, 7012386, 5570592, 5373968, 5636122, 4063251, 6094874, 8323106, 7733273, 6357023, 6225934, 4456472, 2359315, 5636123, 7995413, 5046294, 7995412, 524313, 4522012, 2752519, 7864335, 36, 5570581, 2293781, 2162717, 1114131, 5767205, 5636126, 4456470, 5046294, 6225933, 20, 458773, 2359308, 2752527, 6357015, 7077923, 1376281, 851990, 7274519, 23, 4456472, 6881295, 2752517, 1507355, 2752521, 4522010, 3342358, 5242903, 7077904, 983073, 4194328, 2818064, 2752526, 7995428, 7405585, 5570573, 3735572, 6488092, 5439509, 5832732, 2293776, 3014687, 4128796, 4718614, 7077908, 7929876, 2293791, 6357006, 6225934, 6160401, 3801117, 524309, 6488087, 7995420, 7077906 );
