  type t_2d_a is array(0 to 127, 0 to 127) of integer range 0 to 255;
  constant input_key : t_2d_a :=
  ((1536, 45056, 0, 0, 11730944, 2868903936, 0, 107, 0, 0, 0, 0, 0, 5376, 0, 2969567232, 0, 3942645760, 149, 0, 0, 225, 0, 0, 0, 2013265920, 0, 0, 0, 0, 0, 55808, 144, 0, 145, 0, 2, 246, 9, 12, 19, 124, 43, 139, 51, 88, 65, 61, 81, 72, 112, 172, 113, 30, 114, 68, 49, 252, 68, 137, 70, 76, 83, 124, 93, 93, 0, 0, 0, 0, 129, 0, 310533096, 32731, 26988848, 0, 32, 0, 32, 0, 26983808, 0, 45, 27, 0, 0, 65, 0, 26984192, 0, 26980928, 0, 0, 0, 33, 0, 26985200, 0, 26984576, 0, 128, 0, 144, 0, 16, 186, 23, 4, 35, 233, 38, 116, 44, 35, 67, 122, 108, 187, 125, 10, 6, 76, 33, 216, 54, 174, 60, 88),
   (0, 19456, 0, 0, 3120562176, 4, 0, 0, 14156009, 29696, 0, 587202560, 0, 44544, 0, 1476395008, 122, 0, 0, 0, 55, 3489660928, 0, 0, 0, 0, 0, 3137339392, 0, 0, 0, 655360, 144, 0, 145, 0, 8, 225, 42, 244, 67, 118, 71, 56, 82, 198, 105, 199, 121, 205, 28, 12, 32, 220, 36, 222, 43, 60, 57, 110, 117, 208, 0, 0, 0, 0, 0, 0, 0, 0, 145, 0, 0, 0, 9633792, 0, 0, 0, 55296, 13851136, 0, 0, 0, 67158784, 0, 0, 0, 0, 0, 21, 0, 19, 0, 0, 0, 0, 43, 0, 0, 0, 0, 3909142342, 4194304000, 3791650816, 48, 0, 49, 0, 26985344, 0, 26984592, 0, 36, 44, 54, 42, 48, 0, 80, 0, 29, 121, 55, 215, 96, 79, 99, 103),
   (100663296, 4127195136, 3342336, 0, 0, 0, 0, 2555904, 436207616, 1929379840, 6553600, 0, 0, 0, 1572864, 0, 0, 3276800, 0, 1638400, 64, 0, 0, 0, 2415919326, 0, 0, 0, 108, 0, 11830272, 0, 14, 7, 23, 28, 160, 0, 81, 0, 3, 18, 4, 72, 14, 7, 23, 28, 35, 41, 75, 116, 95, 96, 53, 92, 0, 0, 33, 0, 26982320, 0, 26993168, 0, 32, 0, 144, 0, 3, 234, 11, 125, 21, 255, 25, 87, 26, 188, 38, 196, 45, 185, 52, 251, 65, 18, 82, 9, 88, 36, 93, 65, 123, 145, 40, 190, 64, 246, 90, 168, 0, 0, 145, 0, 2957770752, 0, 0, 0, 0, 3103798528, 436207616, 31, 0, 3623878656, 23808, 0, 3221225472, 0, 0, 1761607680, 0, 0, 11927552, 168, 0, 4278190080, 16253076, 0),
   (0, 0, 7471104, 234, 0, 0, 0, 0, 1879048192, 0, 0, 458752, 0, 0, 0, 13500416, 50176, 0, 0, 0, 1179648, 2705260544, 1006632960, 0, 0, 0, 0, 0, 0, 0, 59281, 48128, 6, 148, 11, 65, 160, 0, 145, 0, 6, 216, 2, 115, 10, 216, 27, 222, 60, 39, 62, 130, 82, 121, 85, 159, 87, 201, 94, 12, 95, 241, 99, 245, 104, 210, 56, 44, 72, 72, 98, 137, 0, 0, 49, 0, 310533016, 32731, 26987504, 0, 70, 111, 74, 114, 48, 0, 80, 0, 25, 18, 63, 43, 92, 152, 102, 169, 103, 56, 110, 58, 84, 90, 104, 123, 0, 0, 129, 0, 26982784, 0, 26989504, 0, 45, 111, 50, 3, 48, 0, 80, 0, 26988256, 0, 15, 196, 29, 114, 39, 153),
   (62976, 0, 786432, 0, 124, 0, 0, 0, 0, 0, 139, 0, 16515160, 0, 0, 0, 3997696, 2298498048, 0, 0, 4718716, 0, 0, 6094848, 0, 0, 0, 0, 2887664640, 0, 0, 0, 118, 16, 121, 138, 160, 0, 145, 0, 18, 66, 24, 197, 29, 89, 32, 219, 2, 100, 11, 230, 19, 135, 44, 23, 47, 251, 52, 58, 108, 100, 51, 76, 72, 108, 0, 0, 0, 0, 0, 0, 0, 0, 145, 0, 6, 93, 25, 60, 27, 244, 5, 95, 52, 126, 57, 235, 61, 241, 86, 79, 87, 190, 111, 57, 46, 27, 70, 90, 117, 127, 0, 0, 0, 0, 0, 0, 0, 0, 129, 0, 26988848, 0, 310533096, 32731, 55, 68, 59, 167, 48, 0, 80, 0, 26991760, 0, 58, 135),
   (0, 0, 1203456, 0, 0, 0, 1434255360, 2181038080, 142, 0, 24571, 7340032, 262144, 113, 0, 0, 0, 0, 0, 0, 0, 0, 39936, 0, 0, 0, 0, 0, 20992, 0, 0, 0, 26981600, 0, 49, 0, 26990976, 0, 26985344, 0, 310532984, 32731, 26982112, 0, 48, 0, 144, 0, 5, 93, 18, 177, 51, 177, 67, 60, 68, 101, 79, 114, 84, 152, 105, 30, 126, 250, 36, 216, 46, 57, 54, 100, 63, 232, 64, 9, 66, 46, 100, 136, 0, 0, 145, 0, 0, 0, 0, 125, 46848, 0, 14848, 5, 0, 0, 15073280, 0, 1224736768, 0, 2466250752, 1929380055, 0, 0, 0, 0, 0, 0, 65, 0, 0, 1157627904, 0, 0, 0, 0, 14336, 54016, 0, 0, 113, 0, 26981056, 0, 310533080, 32731, 32, 0, 32, 0),
   (2957770752, 0, 0, 0, 0, 3103798528, 436207616, 31, 0, 3623878656, 23808, 0, 3221225472, 0, 0, 1761607680, 0, 0, 11927552, 168, 0, 4278190080, 16253076, 0, 0, 0, 65024, 0, 0, 0, 0, 0, 144, 0, 49, 0, 26983920, 0, 26988128, 0, 66, 105, 5, 156, 48, 0, 80, 0, 36, 12, 45, 27, 49, 187, 31, 207, 51, 205, 80, 52, 98, 253, 49, 233, 0, 0, 97, 0, 310533064, 32731, 26987264, 0, 49, 130, 59, 158, 48, 0, 48, 0, 26989504, 0, 10, 60, 19, 197, 27, 118, 96, 0, 80, 0, 10, 177, 11, 183, 13, 150, 19, 171, 31, 126, 41, 66, 95, 40, 126, 177, 0, 0, 81, 0, 310533048, 32731, 26988256, 0, 49, 130, 59, 158, 90, 131, 99, 129, 109, 112, 120, 85),
   (0, 0, 9633792, 0, 0, 0, 55296, 13851136, 0, 0, 0, 67158784, 0, 0, 0, 0, 0, 21, 0, 19, 0, 0, 0, 0, 43, 0, 0, 0, 0, 3909142342, 4194304000, 3791650816, 48, 0, 49, 0, 26985344, 0, 26984592, 0, 36, 44, 54, 42, 48, 0, 80, 0, 29, 121, 55, 215, 96, 79, 99, 103, 123, 178, 45, 127, 0, 0, 0, 0, 0, 0, 81, 0, 26985648, 0, 26991248, 0, 58, 106, 73, 24, 77, 141, 97, 153, 120, 179, 3, 145, 80, 0, 80, 0, 1, 4, 13, 22, 68, 166, 39, 34, 73, 136, 81, 28, 91, 234, 120, 38, 0, 0, 161, 0, 0, 0, 7471104, 234, 0, 0, 0, 0, 1879048192, 0, 0, 458752, 0, 0, 0, 13500416, 50176, 0, 0, 0),
   (0, 0, 0, 0, 222, 0, 225, 151, 0, 0, 0, 2752512, 0, 0, 0, 0, 31488, 0, 0, 0, 754974720, 0, 4253155328, 0, 0, 0, 0, 8454144, 0, 0, 0, 0, 26982320, 0, 49, 0, 26988128, 0, 26982128, 0, 26982080, 0, 63, 43, 48, 0, 144, 0, 18, 150, 23, 22, 40, 169, 68, 31, 70, 240, 74, 76, 96, 129, 101, 161, 118, 43, 75, 163, 106, 227, 0, 0, 0, 0, 0, 0, 0, 0, 0, 0, 0, 0, 161, 0, 100663296, 4127195136, 3342336, 0, 0, 0, 0, 2555904, 436207616, 1929379840, 6553600, 0, 0, 0, 1572864, 0, 0, 3276800, 0, 1638400, 64, 0, 0, 0, 2415919326, 0, 0, 0, 108, 0, 11830272, 0, 14, 7, 23, 28, 160, 0, 81, 0, 3, 18, 4, 72),
   (13170, 202506387, 0, 0, 0, 0, 0, 3204448256, 851968, 0, 0, 0, 0, 31, 0, 0, 1901002752, 0, 0, 0, 0, 4009754624, 60672, 3342336, 27040, 0, 0, 0, 34816, 0, 0, 0, 26989504, 0, 65, 0, 310533032, 32731, 310533032, 32731, 55, 9, 73, 94, 20, 153, 75, 176, 64, 0, 144, 0, 1, 186, 24, 42, 64, 94, 77, 117, 106, 97, 124, 52, 28, 190, 45, 77, 55, 100, 86, 79, 92, 164, 112, 230, 0, 0, 0, 0, 0, 0, 0, 0, 0, 0, 145, 0, 10, 30, 27, 199, 44, 227, 75, 31, 86, 254, 96, 47, 35, 57, 53, 131, 83, 93, 125, 253, 112, 156, 91, 68, 96, 9, 100, 235, 85, 122, 98, 159, 144, 0, 145, 0, 1, 233, 5, 142),
   (0, 6094848, 0, 0, 45312, 0, 0, 0, 0, 3623878656, 0, 14592, 177, 25600, 0, 232, 151006780, 1694498816, 0, 114, 0, 2550136832, 0, 0, 0, 2281701376, 1966080, 0, 0, 0, 0, 64000, 42, 127, 97, 0, 26987264, 0, 26986944, 0, 26986656, 0, 31, 34, 38, 38, 60, 223, 4, 76, 26, 242, 42, 90, 49, 178, 96, 0, 144, 0, 4, 88, 10, 177, 14, 101, 43, 254, 30, 251, 41, 76, 46, 65, 108, 4, 62, 230, 66, 24, 86, 85, 94, 205, 114, 196, 0, 0, 0, 0, 0, 0, 0, 0, 145, 0, 17, 215, 36, 130, 48, 57, 61, 128, 44, 254, 51, 230, 54, 55, 84, 18, 95, 215, 122, 184, 87, 66, 90, 242, 111, 47, 0, 0, 0, 0, 0, 0),
   (0, 0, 0, 125, 46848, 0, 14848, 5, 0, 0, 15073280, 0, 1224736768, 0, 2466250752, 1929380055, 0, 0, 0, 0, 0, 0, 65, 0, 0, 1157627904, 0, 0, 0, 0, 14336, 54016, 0, 0, 113, 0, 26981056, 0, 310533080, 32731, 32, 0, 32, 0, 26980816, 0, 30, 102, 208, 0, 48, 0, 26985344, 0, 17, 46, 69, 16, 83, 75, 112, 0, 80, 0, 37, 58, 48, 160, 65, 125, 106, 114, 109, 150, 75, 130, 80, 16, 97, 227, 0, 0, 145, 0, 0, 0, 0, 0, 222, 0, 225, 151, 0, 0, 0, 2752512, 0, 0, 0, 0, 31488, 0, 0, 0, 754974720, 0, 4253155328, 0, 0, 0, 0, 8454144, 0, 0, 0, 0, 26982320, 0, 49, 0, 26988128, 0, 26982128, 0, 26982080, 0, 63, 43),
   (0, 0, 0, 0, 0, 0, 0, 0, 0, 35, 0, 3059089408, 989855744, 0, 0, 0, 4076863689, 0, 11665408, 32256, 452984832, 0, 0, 2885681152, 0, 0, 1140850688, 0, 0, 0, 0, 0, 64, 236, 161, 0, 0, 0, 0, 0, 38400, 22, 0, 0, 0, 0, 2835349504, 0, 0, 0, 0, 0, 0, 520155136, 19619, 0, 0, 0, 0, 0, 2164260864, 10551296, 58112, 0, 0, 11008, 0, 0, 43, 86, 91, 187, 160, 0, 145, 0, 6, 26, 16, 42, 5, 85, 17, 6, 39, 30, 41, 197, 46, 234, 109, 191, 111, 248, 119, 247, 83, 48, 0, 0, 0, 0, 0, 0, 0, 0, 0, 0, 0, 0, 81, 0, 7, 233, 43, 137, 58, 38, 114, 4, 107, 54, 111, 122, 118, 143, 63, 213),
   (0, 0, 0, 0, 38400, 22, 0, 0, 0, 0, 2835349504, 0, 0, 0, 0, 0, 0, 520155136, 19619, 0, 0, 0, 0, 0, 2164260864, 10551296, 58112, 0, 0, 11008, 0, 0, 43, 86, 91, 187, 160, 0, 145, 0, 6, 26, 16, 42, 5, 85, 17, 6, 39, 30, 41, 197, 46, 234, 109, 191, 111, 248, 119, 247, 83, 48, 0, 0, 0, 0, 0, 0, 0, 0, 0, 0, 0, 0, 81, 0, 7, 233, 43, 137, 58, 38, 114, 4, 107, 54, 111, 122, 118, 143, 63, 213, 0, 0, 145, 0, 0, 0, 45495, 9830400, 171, 0, 0, 126, 0, 0, 4325376, 0, 0, 0, 0, 0, 0, 0, 0, 0, 0, 0, 0, 40, 0, 0, 0, 0, 0, 0, 0, 45312),
   (0, 0, 0, 0, 0, 0, 0, 0, 2600468480, 0, 0, 0, 101, 0, 0, 192, 0, 0, 0, 12124160, 458752, 15859712, 0, 0, 14614528, 0, 0, 0, 64, 232, 0, 3053478656, 26982112, 0, 145, 0, 234, 0, 125, 0, 0, 16711680, 5749760, 0, 0, 50176, 3187671040, 12124160, 0, 4211081216, 0, 0, 4128374784, 0, 0, 0, 2304, 0, 604022784, 4259840, 0, 0, 0, 0, 0, 0, 145, 0, 0, 0, 33, 0, 26993168, 0, 310533000, 32731, 32, 0, 144, 0, 2, 51, 3, 114, 4, 12, 5, 18, 7, 147, 28, 191, 33, 13, 64, 113, 84, 239, 93, 51, 98, 105, 55, 31, 65, 79, 90, 237, 99, 160, 114, 136, 0, 0, 145, 0, 0, 0, 1203456, 0, 0, 0, 1434255360, 2181038080, 142, 0, 24571, 7340032),
   (234, 0, 125, 0, 0, 16711680, 5749760, 0, 0, 50176, 3187671040, 12124160, 0, 4211081216, 0, 0, 4128374784, 0, 0, 0, 2304, 0, 604022784, 4259840, 0, 0, 0, 0, 0, 0, 145, 0, 0, 0, 33, 0, 26993168, 0, 310533000, 32731, 32, 0, 144, 0, 2, 51, 3, 114, 4, 12, 5, 18, 7, 147, 28, 191, 33, 13, 64, 113, 84, 239, 93, 51, 98, 105, 55, 31, 65, 79, 90, 237, 99, 160, 114, 136, 0, 0, 145, 0, 0, 0, 1203456, 0, 0, 0, 1434255360, 2181038080, 142, 0, 24571, 7340032, 262144, 113, 0, 0, 0, 0, 0, 0, 0, 0, 39936, 0, 0, 0, 0, 0, 20992, 0, 0, 0, 26981600, 0, 49, 0, 26990976, 0, 26985344, 0, 310532984, 32731, 26982112, 0, 48, 0, 144, 0),
   (12189696, 0, 0, 0, 0, 0, 704643072, 3187671040, 0, 0, 0, 5046272, 0, 100, 0, 0, 1577058304, 0, 0, 7667712, 0, 20224, 0, 2751463424, 0, 0, 24832, 0, 3858759680, 0, 0, 872415232, 26981696, 0, 145, 0, 3003121664, 0, 0, 0, 0, 402653184, 100663296, 2621440, 0, 0, 0, 0, 4521984, 115, 0, 55040, 7143601, 3573547008, 0, 0, 0, 3825205248, 18432, 0, 6291456, 0, 469762048, 0, 106, 11776, 0, 0, 26981312, 0, 49, 0, 26984592, 0, 310533016, 32731, 26985264, 0, 15, 65, 48, 0, 144, 0, 9, 114, 15, 234, 32, 112, 45, 7, 66, 196, 81, 18, 85, 63, 88, 60, 126, 188, 61, 206, 84, 161, 122, 231, 123, 145, 0, 0, 0, 0, 0, 0, 0, 0, 33, 0, 26985808, 0, 26985024, 0, 32, 0, 144, 0),
   (3003121664, 0, 0, 0, 0, 402653184, 100663296, 2621440, 0, 0, 0, 0, 4521984, 115, 0, 55040, 7143601, 3573547008, 0, 0, 0, 3825205248, 18432, 0, 6291456, 0, 469762048, 0, 106, 11776, 0, 0, 26981312, 0, 49, 0, 26984592, 0, 310533016, 32731, 26985264, 0, 15, 65, 48, 0, 144, 0, 9, 114, 15, 234, 32, 112, 45, 7, 66, 196, 81, 18, 85, 63, 88, 60, 126, 188, 61, 206, 84, 161, 122, 231, 123, 145, 0, 0, 0, 0, 0, 0, 0, 0, 33, 0, 26985808, 0, 26985024, 0, 32, 0, 144, 0, 0, 6, 9, 51, 29, 39, 32, 26, 57, 24, 96, 144, 99, 222, 122, 132, 4, 246, 36, 115, 41, 100, 69, 50, 77, 25, 83, 64, 115, 108, 121, 180, 0, 0, 145, 0),
   (0, 0, 45495, 9830400, 171, 0, 0, 126, 0, 0, 4325376, 0, 0, 0, 0, 0, 0, 0, 0, 0, 0, 0, 0, 40, 0, 0, 0, 0, 0, 0, 0, 45312, 26982496, 0, 145, 0, 0, 2080374784, 3724541952, 0, 43776, 0, 0, 335249778, 0, 0, 8847360, 0, 19200, 9437184, 0, 0, 197, 0, 98, 0, 0, 0, 922746880, 452984832, 0, 2919276800, 0, 83, 0, 0, 0, 0, 91, 167, 97, 0, 26993488, 0, 310533064, 32731, 26988496, 0, 41, 58, 42, 126, 28, 228, 106, 202, 107, 2, 119, 32, 77, 75, 96, 0, 80, 0, 9, 13, 1, 216, 30, 101, 48, 162, 83, 30, 100, 32, 84, 206, 92, 55, 0, 0, 145, 0, 2, 39, 7, 211, 17, 40, 19, 251, 34, 121, 40, 130),
   (0, 2080374784, 3724541952, 0, 43776, 0, 0, 335249778, 0, 0, 8847360, 0, 19200, 9437184, 0, 0, 197, 0, 98, 0, 0, 0, 922746880, 452984832, 0, 2919276800, 0, 83, 0, 0, 0, 0, 91, 167, 97, 0, 26993488, 0, 310533064, 32731, 26988496, 0, 41, 58, 42, 126, 28, 228, 106, 202, 107, 2, 119, 32, 77, 75, 96, 0, 80, 0, 9, 13, 1, 216, 30, 101, 48, 162, 83, 30, 100, 32, 84, 206, 92, 55, 0, 0, 145, 0, 2, 39, 7, 211, 17, 40, 19, 251, 34, 121, 40, 130, 41, 89, 71, 26, 87, 246, 95, 74, 117, 34, 30, 8, 38, 114, 55, 11, 115, 13, 123, 223, 0, 0, 97, 0, 26985472, 0, 26993488, 0, 30, 115, 50, 223, 0, 0, 49, 0),
   (2868903936, 47360, 0, 0, 1572864, 39680, 0, 0, 0, 0, 0, 1191182357, 16318464, 175, 0, 57, 0, 0, 0, 0, 55808, 0, 0, 0, 2566914048, 0, 2734686208, 0, 0, 0, 189, 0, 0, 0, 145, 0, 0, 0, 0, 255, 0, 35840, 0, 0, 0, 0, 0, 95, 0, 0, 0, 0, 0, 1761607680, 0, 0, 2801795072, 0, 0, 0, 0, 12386304, 0, 0, 10092544, 0, 720896, 0, 0, 0, 145, 0, 0, 13568, 0, 0, 0, 2609643520, 0, 0, 0, 0, 0, 0, 0, 44800, 0, 7405568, 2952790016, 0, 0, 7012352, 0, 0, 0, 0, 0, 8704, 201, 0, 3003148800, 148, 0, 0, 0, 0, 145, 0, 262144, 0, 0, 1441792, 0, 0, 0, 0, 0, 34, 0, 0, 0, 0, 0, 0, 0, 2785017856, 8912896, 0),
   (0, 0, 0, 255, 0, 35840, 0, 0, 0, 0, 0, 95, 0, 0, 0, 0, 0, 1761607680, 0, 0, 2801795072, 0, 0, 0, 0, 12386304, 0, 0, 10092544, 0, 720896, 0, 0, 0, 145, 0, 0, 13568, 0, 0, 0, 2609643520, 0, 0, 0, 0, 0, 0, 0, 44800, 0, 7405568, 2952790016, 0, 0, 7012352, 0, 0, 0, 0, 0, 8704, 201, 0, 3003148800, 148, 0, 0, 0, 0, 145, 0, 262144, 0, 0, 1441792, 0, 0, 0, 0, 0, 34, 0, 0, 0, 0, 0, 0, 0, 2785017856, 8912896, 0, 1835008, 0, 234, 0, 0, 0, 0, 0, 0, 0, 637534208, 0, 0, 0, 145, 0, 0, 5577216, 0, 0, 705036288, 0, 0, 0, 0, 30, 12910592, 59904, 0, 0, 0, 0, 0, 0, 0, 0),
   (0, 13568, 0, 0, 0, 2609643520, 0, 0, 0, 0, 0, 0, 0, 44800, 0, 7405568, 2952790016, 0, 0, 7012352, 0, 0, 0, 0, 0, 8704, 201, 0, 3003148800, 148, 0, 0, 0, 0, 145, 0, 262144, 0, 0, 1441792, 0, 0, 0, 0, 0, 34, 0, 0, 0, 0, 0, 0, 0, 2785017856, 8912896, 0, 1835008, 0, 234, 0, 0, 0, 0, 0, 0, 0, 637534208, 0, 0, 0, 145, 0, 0, 5577216, 0, 0, 705036288, 0, 0, 0, 0, 30, 12910592, 59904, 0, 0, 0, 0, 0, 0, 0, 0, 48, 0, 0, 0, 0, 0, 0, 12517624, 0, 247, 0, 0, 0, 0, 145, 0, 0, 8192000, 0, 87, 0, 0, 0, 49, 0, 1179648, 15574, 0, 0, 0, 0, 0, 0, 0, 13056, 0),
   (262144, 0, 0, 1441792, 0, 0, 0, 0, 0, 34, 0, 0, 0, 0, 0, 0, 0, 2785017856, 8912896, 0, 1835008, 0, 234, 0, 0, 0, 0, 0, 0, 0, 637534208, 0, 0, 0, 145, 0, 0, 5577216, 0, 0, 705036288, 0, 0, 0, 0, 30, 12910592, 59904, 0, 0, 0, 0, 0, 0, 0, 0, 48, 0, 0, 0, 0, 0, 0, 12517624, 0, 247, 0, 0, 0, 0, 145, 0, 0, 8192000, 0, 87, 0, 0, 0, 49, 0, 1179648, 15574, 0, 0, 0, 0, 0, 0, 0, 13056, 0, 0, 2048, 14352384, 79, 65358, 0, 0, 0, 0, 17408, 157, 18944, 0, 0, 145, 0, 0, 216, 58, 188, 0, 0, 0, 0, 0, 0, 0, 11776, 0, 0, 0, 0, 0, 61952, 0, 12845056),
   (0, 5577216, 0, 0, 705036288, 0, 0, 0, 0, 30, 12910592, 59904, 0, 0, 0, 0, 0, 0, 0, 0, 48, 0, 0, 0, 0, 0, 0, 12517624, 0, 247, 0, 0, 0, 0, 145, 0, 0, 8192000, 0, 87, 0, 0, 0, 49, 0, 1179648, 15574, 0, 0, 0, 0, 0, 0, 0, 13056, 0, 0, 2048, 14352384, 79, 65358, 0, 0, 0, 0, 17408, 157, 18944, 0, 0, 145, 0, 0, 216, 58, 188, 0, 0, 0, 0, 0, 0, 0, 11776, 0, 0, 0, 0, 0, 61952, 0, 12845056, 0, 0, 768, 0, 0, 0, 721456640, 0, 14155776, 0, 0, 0, 0, 0, 145, 0, 0, 0, 3774873600, 0, 0, 0, 0, 201326592, 3690987520, 3724541952, 62524, 0, 0, 0, 7208960, 0, 118, 56, 0, 0),
   (0, 8192000, 0, 87, 0, 0, 0, 49, 0, 1179648, 15574, 0, 0, 0, 0, 0, 0, 0, 13056, 0, 0, 2048, 14352384, 79, 65358, 0, 0, 0, 0, 17408, 157, 18944, 0, 0, 145, 0, 0, 216, 58, 188, 0, 0, 0, 0, 0, 0, 0, 11776, 0, 0, 0, 0, 0, 61952, 0, 12845056, 0, 0, 768, 0, 0, 0, 721456640, 0, 14155776, 0, 0, 0, 0, 0, 145, 0, 0, 0, 3774873600, 0, 0, 0, 0, 201326592, 3690987520, 3724541952, 62524, 0, 0, 0, 7208960, 0, 118, 56, 0, 0, 50688, 0, 0, 0, 0, 0, 13041664, 0, 0, 13631488, 13434880, 0, 0, 0, 145, 0, 0, 8519680, 12517376, 0, 3187671059, 0, 12, 0, 0, 0, 0, 0, 0, 3825205277, 3473408, 0, 0, 0, 39936, 11141120),
   (0, 216, 58, 188, 0, 0, 0, 0, 0, 0, 0, 11776, 0, 0, 0, 0, 0, 61952, 0, 12845056, 0, 0, 768, 0, 0, 0, 721456640, 0, 14155776, 0, 0, 0, 0, 0, 145, 0, 0, 0, 3774873600, 0, 0, 0, 0, 201326592, 3690987520, 3724541952, 62524, 0, 0, 0, 7208960, 0, 118, 56, 0, 0, 50688, 0, 0, 0, 0, 0, 13041664, 0, 0, 13631488, 13434880, 0, 0, 0, 145, 0, 0, 8519680, 12517376, 0, 3187671059, 0, 12, 0, 0, 0, 0, 0, 0, 3825205277, 3473408, 0, 0, 0, 39936, 11141120, 0, 0, 0, 402653184, 50432, 0, 0, 0, 0, 0, 0, 12800, 0, 0, 145, 0, 9984, 211, 0, 0, 2621691, 0, 0, 2048, 30976, 29184, 2186870784, 0, 0, 11, 0, 0, 0, 26, 0, 0),
   (0, 0, 3774873600, 0, 0, 0, 0, 201326592, 3690987520, 3724541952, 62524, 0, 0, 0, 7208960, 0, 118, 56, 0, 0, 50688, 0, 0, 0, 0, 0, 13041664, 0, 0, 13631488, 13434880, 0, 0, 0, 145, 0, 0, 8519680, 12517376, 0, 3187671059, 0, 12, 0, 0, 0, 0, 0, 0, 3825205277, 3473408, 0, 0, 0, 39936, 11141120, 0, 0, 0, 402653184, 50432, 0, 0, 0, 0, 0, 0, 12800, 0, 0, 145, 0, 9984, 211, 0, 0, 2621691, 0, 0, 2048, 30976, 29184, 2186870784, 0, 0, 11, 0, 0, 0, 26, 0, 0, 0, 246, 0, 74, 0, 0, 0, 0, 13, 2228224, 223, 0, 0, 0, 145, 0, 0, 90, 0, 0, 129, 0, 0, 524288, 6619388, 0, 0, 32512, 2885681403, 0, 0, 1711276032, 12058624, 0, 7536640, 0),
   (0, 8519680, 12517376, 0, 3187671059, 0, 12, 0, 0, 0, 0, 0, 0, 3825205277, 3473408, 0, 0, 0, 39936, 11141120, 0, 0, 0, 402653184, 50432, 0, 0, 0, 0, 0, 0, 12800, 0, 0, 145, 0, 9984, 211, 0, 0, 2621691, 0, 0, 2048, 30976, 29184, 2186870784, 0, 0, 11, 0, 0, 0, 26, 0, 0, 0, 246, 0, 74, 0, 0, 0, 0, 13, 2228224, 223, 0, 0, 0, 145, 0, 0, 90, 0, 0, 129, 0, 0, 524288, 6619388, 0, 0, 32512, 2885681403, 0, 0, 1711276032, 12058624, 0, 7536640, 0, 0, 3456106496, 47872, 922746880, 0, 0, 0, 3751805182, 0, 0, 1140850688, 0, 0, 0, 145, 0, 1795162112, 7936, 2533359621, 0, 32370, 0, 3211264, 0, 0, 0, 0, 0, 0, 0, 0, 0, 2600487936, 8704, 0, 0),
   (9984, 211, 0, 0, 2621691, 0, 0, 2048, 30976, 29184, 2186870784, 0, 0, 11, 0, 0, 0, 26, 0, 0, 0, 246, 0, 74, 0, 0, 0, 0, 13, 2228224, 223, 0, 0, 0, 145, 0, 0, 90, 0, 0, 129, 0, 0, 524288, 6619388, 0, 0, 32512, 2885681403, 0, 0, 1711276032, 12058624, 0, 7536640, 0, 0, 3456106496, 47872, 922746880, 0, 0, 0, 3751805182, 0, 0, 1140850688, 0, 0, 0, 145, 0, 1795162112, 7936, 2533359621, 0, 32370, 0, 3211264, 0, 0, 0, 0, 0, 0, 0, 0, 0, 2600487936, 8704, 0, 0, 0, 0, 231, 52992, 0, 8781824, 0, 4261019648, 0, 39, 32256, 0, 0, 0, 145, 0, 6768, 0, 0, 39680, 0, 0, 220, 0, 0, 0, 14352384, 2293760, 0, 0, 0, 285212672, 0, 0, 0, 0),
   (0, 90, 0, 0, 129, 0, 0, 524288, 6619388, 0, 0, 32512, 2885681403, 0, 0, 1711276032, 12058624, 0, 7536640, 0, 0, 3456106496, 47872, 922746880, 0, 0, 0, 3751805182, 0, 0, 1140850688, 0, 0, 0, 145, 0, 1795162112, 7936, 2533359621, 0, 32370, 0, 3211264, 0, 0, 0, 0, 0, 0, 0, 0, 0, 2600487936, 8704, 0, 0, 0, 0, 231, 52992, 0, 8781824, 0, 4261019648, 0, 39, 32256, 0, 0, 0, 145, 0, 6768, 0, 0, 39680, 0, 0, 220, 0, 0, 0, 14352384, 2293760, 0, 0, 0, 285212672, 0, 0, 0, 0, 0, 203, 0, 248, 0, 0, 0, 0, 0, 0, 0, 13959168, 0, 0, 145, 0, 14155776, 0, 851968, 0, 0, 0, 0, 25856, 0, 0, 0, 0, 2717908992, 0, 0, 0, 0, 0, 0, 0),
   (1795162112, 7936, 2533359621, 0, 32370, 0, 3211264, 0, 0, 0, 0, 0, 0, 0, 0, 0, 2600487936, 8704, 0, 0, 0, 0, 231, 52992, 0, 8781824, 0, 4261019648, 0, 39, 32256, 0, 0, 0, 145, 0, 6768, 0, 0, 39680, 0, 0, 220, 0, 0, 0, 14352384, 2293760, 0, 0, 0, 285212672, 0, 0, 0, 0, 0, 203, 0, 248, 0, 0, 0, 0, 0, 0, 0, 13959168, 0, 0, 145, 0, 14155776, 0, 851968, 0, 0, 0, 0, 25856, 0, 0, 0, 0, 2717908992, 0, 0, 0, 0, 0, 0, 0, 30, 0, 0, 0, 0, 536870912, 0, 0, 0, 0, 0, 0, 0, 0, 145, 0, 0, 0, 0, 0, 0, 0, 0, 7929856, 0, 0, 0, 8323072, 0, 215, 0, 0, 0, 0, 0, 0),
   
  type key is array(0 to 127) of integer;
  constant answer_key : key :=
  ( 0, 2883687, 6, 2949194, 589893, 589899, 1572981, 5177408, 2949229, 131129, 4194387, 7995481, 2556052, 7733357, 5308515, 5767231, 1572997, 1900629, 6226050, 5767250, 1114221, 7929961, 5046410, 65643, 1114203, 5636214, 5898330, 1835103, 3735635, 131117, 1900597, 720990, 131104, 589894, 6291600, 6094964, 3670097, 4128903, 1900703, 8257649, 5505144, 2883675, 3014819, 7340179, 458820, 2097219, 1704072, 1310850, 4653170, 327759, 7405631, 7078028, 7012431, 7340165, 21, 1900600, 5046309, 131102, 7602322, 5046388, 2097201, 5767226, 3539020, 3735644, 3932234, 5767241, 655489, 655503, 3670107, 5177394, 2031744, 1900615, 7405659, 8061047, 1638569, 3997836, 3080345, 131103, 3604562, 3735597, 6160529, 196700, 983112, 5767235, 4063326, 3997819, 7995502, 4259924, 3538971, 7012472, 7733335, 3604604, 4522078, 7012448, 2359389, 3539034, 3604545, 2949194, 5374033, 458859, 2162790, 5636213, 3539091, 7733332, 5767250, 6291568, 3670157, 3276877, 7012488, 5177430, 5243041, 7340143, 7405629, 5046332, 7340136, 1900602, 7471212, 1900623, 4522050, 7405644, 1966201, 4128862, 3735585, 6226015, 6815854, 65649, 5701718, 7143622 );
