  type t_2d_a is array(0 to 127, 0 to 127) of integer range 0 to 255;
  constant input_key : t_2d_a :=
  ((24576, 6673152, 0, 0, 3997696, 635437184, 2181038080, 1966307, 10747904, 1291845691, 4608, 0, 13172736, 2113971968, 14080, 3087051501, 15794176, 213581824, 131, 0, 217, 2387083356, 24320, 0, 227, 2491547648, 0, 0, 0, 2381568, 8978490, 12903680, 144, 0, 273, 0, 0, 126, 3, 107, 13, 7, 15, 245, 41, 225, 42, 154, 43, 139, 44, 89, 8, 242, 28, 23, 33, 199, 47, 99, 54, 215, 67, 102, 79, 187, 87, 181, 88, 76, 89, 71, 106, 209, 107, 187, 113, 23, 119, 93, 64, 236, 77, 220, 85, 135, 91, 134, 95, 242, 103, 174, 114, 63, 122, 189, 0, 0, 0, 0, 0, 0, 145, 0, 0, 23808, 61634, 0, 184549551, 10027241, 2816, 2615214080, 10485768, 14848, 10354688, 1358954496, 13762754, 12265472, 2550136965, 3154148352, 70, 0, 0, 191, 2838298797, 1711276032, 0, 453640192),
   (0, 23808, 61634, 0, 184549551, 10027241, 2816, 2615214080, 10485768, 14848, 10354688, 1358954496, 13762754, 12265472, 2550136965, 3154148352, 70, 0, 0, 191, 2838298797, 1711276032, 0, 453640192, 10700249, 13369344, 0, 805306431, 3072, 0, 0, 2353920, 144, 0, 529, 0, 1, 240, 5, 98, 4, 2, 7, 88, 15, 36, 18, 94, 20, 107, 21, 54, 39, 115, 51, 255, 67, 80, 68, 237, 70, 237, 71, 99, 73, 135, 79, 253, 80, 94, 84, 228, 86, 32, 90, 36, 105, 78, 112, 168, 116, 55, 118, 238, 126, 241, 11, 93, 19, 162, 32, 8, 36, 65, 41, 79, 43, 7, 46, 190, 53, 175, 54, 189, 56, 247, 63, 111, 64, 26, 66, 186, 89, 95, 99, 199, 100, 13, 113, 201, 117, 13, 122, 240, 0, 0, 0, 0),
   (1610612736, 1627413248, 8257536, 124, 32000, 0, 4037935231, 5570560, 1832255488, 3583836160, 5020708, 0, 0, 0, 6462208, 3321888933, 63744, 6094936, 46848, 3276800, 4110418139, 0, 3355443200, 0, 2818572305, 0, 0, 0, 956301377, 0, 13236480, 0, 94, 233, 107, 147, 160, 0, 529, 0, 5, 251, 8, 4, 9, 16, 11, 131, 14, 186, 19, 238, 23, 120, 25, 41, 28, 226, 35, 174, 37, 216, 46, 179, 48, 151, 60, 209, 64, 174, 6, 160, 15, 30, 27, 68, 52, 174, 55, 105, 56, 20, 62, 135, 68, 184, 86, 17, 87, 36, 90, 136, 93, 120, 109, 170, 118, 157, 124, 125, 126, 101, 107, 104, 115, 248, 119, 205, 123, 144, 272, 0, 18, 51, 23, 145, 28, 210, 29, 221, 36, 168, 38, 17, 40, 181, 44, 246),
   (0, 0, 2228224, 60904, 0, 8192000, 100, 2916941824, 2164260864, 201326592, 40960, 4259643392, 1572864, 1795162112, 145, 2921267200, 1241570455, 0, 2701132006, 0, 1769472, 1047897344, 872415232, 419430400, 45056, 33554432, 1174405120, 419450368, 108, 2080374784, 42687, 62380, 87, 182, 33, 0, 27832672, 0, 27830208, 0, 32, 0, 528, 0, 2, 240, 6, 218, 11, 120, 16, 28, 0, 130, 5, 134, 13, 241, 17, 34, 20, 218, 25, 211, 30, 16, 39, 56, 40, 18, 41, 162, 42, 202, 46, 177, 66, 54, 67, 64, 96, 5, 104, 136, 109, 82, 111, 93, 113, 220, 114, 92, 119, 213, 123, 186, 127, 220, 32, 228, 44, 119, 45, 232, 47, 88, 50, 109, 54, 80, 62, 20, 68, 73, 77, 71, 79, 105, 83, 149, 101, 153, 107, 245, 112, 154, 115, 50),
   (24832, 0, 1777271296, 369098752, 97, 2181038080, 0, 2566914048, 9805056, 159, 136, 0, 5177397, 0, 0, 2701131828, 3250378752, 1644184832, 905969664, 0, 1750007993, 45568, 0, 11403459, 8192000, 18688, 38044, 16096368, 1261878016, 0, 234, 0, 27, 123, 33, 0, 27847392, 0, 27822464, 0, 32, 0, 528, 0, 1, 194, 10, 93, 18, 6, 24, 120, 26, 6, 30, 197, 31, 211, 33, 101, 35, 160, 37, 144, 38, 246, 45, 92, 48, 34, 49, 77, 50, 80, 63, 191, 70, 149, 71, 91, 73, 24, 78, 96, 99, 104, 102, 10, 103, 131, 104, 36, 119, 176, 122, 115, 125, 221, 12, 24, 13, 209, 15, 207, 16, 115, 27, 55, 29, 97, 36, 233, 41, 38, 42, 227, 46, 183, 56, 89, 59, 230, 60, 75, 61, 14, 69, 189),
   (1694498816, 0, 3826176, 3321888768, 0, 10959872, 2255814656, 3539992576, 235, 0, 3113001941, 12320816, 11337882, 25, 48384, 211, 0, 0, 0, 808, 18, 0, 53760, 638714005, 0, 2080375035, 613941248, 1025835008, 44800, 7077888, 15466643, 0, 29, 54, 33, 0, 27830208, 0, 27831584, 0, 32, 0, 272, 0, 3, 176, 9, 173, 14, 231, 18, 105, 20, 158, 21, 242, 22, 50, 43, 246, 53, 222, 69, 212, 79, 103, 82, 117, 87, 15, 90, 43, 94, 148, 1, 69, 13, 147, 16, 210, 19, 178, 25, 3, 27, 130, 28, 114, 36, 249, 39, 17, 55, 106, 57, 115, 68, 227, 75, 9, 93, 133, 99, 7, 104, 234, 119, 32, 272, 0, 529, 0, 0, 240, 0, 0, 2, 98, 0, 88, 0, 0, 0, 93, 0, 0, 0, 36),
   (3546110720, 0, 0, 0, 1560281088, 50358016, 3657433088, 184, 0, 3741319290, 12620288, 0, 453924711, 10833290, 2281701376, 4172283904, 0, 0, 7733248, 61413, 0, 2600468480, 6619356, 0, 0, 3488, 1627424807, 2415919104, 0, 0, 790560768, 0, 68, 80, 49, 0, 27851344, 0, 836197272, 32601, 109, 24, 114, 32, 48, 0, 528, 0, 0, 101, 9, 58, 10, 98, 12, 198, 21, 167, 22, 60, 43, 213, 51, 154, 63, 211, 79, 40, 92, 38, 93, 18, 103, 251, 105, 152, 108, 61, 109, 37, 24, 134, 25, 117, 28, 211, 35, 235, 40, 185, 41, 140, 42, 163, 45, 188, 47, 48, 49, 173, 55, 25, 58, 189, 78, 3, 83, 18, 90, 210, 95, 149, 100, 124, 104, 36, 114, 175, 117, 108, 121, 236, 123, 147, 81, 186, 89, 66),
   (0, 0, 11753472, 0, 219, 10092544, 54106, 2409984, 5398780, 15335424, 0, 2533416448, 8912896, 0, 0, 0, 56, 245, 64, 13212920, 27, 0, 6029357, 4060086272, 183, 2399141888, 5373952, 2080374784, 350093312, 2852172393, 2248146944, 167772160, 49, 71, 65, 0, 836197288, 32601, 836197288, 32601, 63, 135, 71, 97, 77, 39, 83, 197, 64, 0, 272, 0, 11, 6, 15, 68, 16, 24, 1, 11, 7, 211, 21, 116, 34, 35, 46, 47, 49, 71, 50, 114, 53, 244, 57, 114, 63, 135, 71, 97, 77, 39, 83, 197, 90, 34, 97, 8, 104, 145, 113, 232, 114, 196, 119, 106, 41, 93, 44, 213, 58, 255, 59, 32, 70, 192, 92, 18, 106, 252, 120, 115, 0, 0, 0, 0, 0, 0, 1041, 0, 27832160, 0, 27824896, 0, 27830784, 0, 27825984, 0),
   (0, 1761607680, 0, 0, 2228228, 25344, 114, 12452076, 89, 3019898880, 8600320, 10566912, 0, 4060086515, 1946157056, 0, 7720704, 3221225472, 3774873600, 18176, 2868903936, 3422552120, 992870400, 0, 2382364672, 4, 2332033024, 2490386, 0, 3019898880, 7209216, 0, 70, 4, 129, 0, 836197352, 32601, 27844976, 0, 78, 54, 84, 186, 90, 182, 106, 55, 109, 170, 116, 225, 7, 105, 14, 93, 23, 243, 25, 192, 27, 208, 33, 41, 128, 0, 528, 0, 0, 37, 4, 130, 6, 3, 9, 178, 10, 107, 17, 33, 18, 232, 22, 133, 28, 115, 30, 76, 39, 222, 49, 37, 54, 167, 55, 227, 57, 63, 61, 162, 76, 145, 82, 65, 88, 249, 98, 158, 104, 12, 105, 51, 119, 150, 121, 18, 127, 188, 21, 75, 24, 218, 25, 19, 42, 151, 44, 171),
   (32290, 4013555891, 0, 4043309056, 0, 2986344448, 0, 2315297280, 5505024, 0, 2479685632, 58368, 0, 23373, 0, 6356992, 1036648448, 97, 2650827971, 0, 178, 2030043136, 13056, 10027008, 413773217, 16, 3825239040, 53760, 26880, 0, 0, 7857664, 63, 148, 129, 0, 27857360, 0, 27839072, 0, 82, 167, 87, 210, 95, 217, 97, 60, 104, 236, 106, 88, 107, 161, 113, 247, 54, 69, 70, 189, 88, 151, 90, 166, 128, 0, 528, 0, 6, 192, 9, 205, 12, 245, 18, 209, 24, 162, 25, 171, 29, 240, 32, 50, 40, 97, 1, 158, 2, 76, 5, 140, 8, 131, 10, 79, 11, 38, 19, 237, 23, 108, 26, 93, 44, 67, 47, 254, 52, 225, 66, 38, 68, 104, 74, 15, 87, 94, 96, 185, 97, 17, 108, 180, 112, 46, 127, 13),
   (15728640, 39977048, 93, 36, 24226, 1798701056, 0, 0, 134217728, 1090519155, 5177351, 48640, 255, 11517184, 4143972352, 111, 436255312, 3976260963, 8847360, 253, 1577058304, 3825213440, 6235136, 0, 199, 218103808, 5111808, 0, 2831745024, 923659776, 61440, 61696, 144, 0, 145, 0, 12713984, 0, 23808, 416350415, 1929381376, 0, 2013267511, 6407635, 6619296, 3918591488, 2548480, 6076160, 575492096, 0, 1493172454, 1259208895, 0, 12424539, 1572864, 24576, 3707764736, 0, 195, 9216, 104, 402655875, 619186432, 0, 0, 176, 29681, 14531328, 144, 0, 529, 0, 3, 232, 10, 36, 12, 65, 14, 68, 2, 124, 11, 207, 18, 116, 21, 225, 25, 47, 26, 68, 33, 67, 34, 118, 38, 251, 45, 109, 51, 204, 52, 245, 61, 239, 63, 9, 65, 65, 70, 215, 73, 67, 82, 154, 86, 23, 88, 200, 93, 159, 101, 45, 120, 247, 123, 150),
   (12713984, 0, 23808, 416350415, 1929381376, 0, 2013267511, 6407635, 6619296, 3918591488, 2548480, 6076160, 575492096, 0, 1493172454, 1259208895, 0, 12424539, 1572864, 24576, 3707764736, 0, 195, 9216, 104, 402655875, 619186432, 0, 0, 176, 29681, 14531328, 144, 0, 529, 0, 3, 232, 10, 36, 12, 65, 14, 68, 2, 124, 11, 207, 18, 116, 21, 225, 25, 47, 26, 68, 33, 67, 34, 118, 38, 251, 45, 109, 51, 204, 52, 245, 61, 239, 63, 9, 65, 65, 70, 215, 73, 67, 82, 154, 86, 23, 88, 200, 93, 159, 101, 45, 120, 247, 123, 150, 19, 53, 30, 228, 40, 222, 43, 39, 46, 254, 54, 48, 56, 59, 64, 69, 67, 158, 69, 205, 71, 57, 90, 117, 97, 55, 103, 30, 105, 103, 108, 14, 117, 38, 124, 38),
   (0, 382074880, 15794200, 65, 1310918, 0, 94, 10551332, 4273626880, 64, 16056320, 2082930688, 2296905728, 94, 0, 24576, 1207959750, 0, 5111808, 62162, 2600468480, 14848, 15929, 1523253248, 1572864, 0, 3825205248, 3048946176, 0, 8448, 1694499045, 0, 0, 0, 145, 0, 0, 0, 209, 18944, 1280, 224, 4043309056, 2936023296, 23808, 177, 1593835520, 0, 16449536, 117440512, 6094848, 4089, 11141120, 4211116288, 11598, 0, 1174405120, 11731066, 37120, 0, 805344000, 10616832, 3489688320, 0, 5174272, 30720, 512, 939524096, 144, 0, 273, 0, 1, 153, 5, 167, 10, 54, 15, 225, 0, 224, 3, 125, 7, 154, 20, 75, 30, 128, 34, 51, 36, 225, 47, 81, 58, 233, 80, 154, 81, 228, 85, 176, 98, 242, 108, 67, 109, 215, 121, 247, 125, 238, 22, 133, 26, 116, 46, 6, 50, 16, 67, 72, 68, 22, 69, 198),
   (0, 0, 209, 18944, 1280, 224, 4043309056, 2936023296, 23808, 177, 1593835520, 0, 16449536, 117440512, 6094848, 4089, 11141120, 4211116288, 11598, 0, 1174405120, 11731066, 37120, 0, 805344000, 10616832, 3489688320, 0, 5174272, 30720, 512, 939524096, 144, 0, 273, 0, 1, 153, 5, 167, 10, 54, 15, 225, 0, 224, 3, 125, 7, 154, 20, 75, 30, 128, 34, 51, 36, 225, 47, 81, 58, 233, 80, 154, 81, 228, 85, 176, 98, 242, 108, 67, 109, 215, 121, 247, 125, 238, 22, 133, 26, 116, 46, 6, 50, 16, 67, 72, 68, 22, 69, 198, 101, 33, 105, 113, 113, 18, 116, 252, 0, 0, 529, 0, 0, 0, 0, 0, 0, 0, 0, 0, 0, 34, 0, 0, 0, 0, 237, 232, 0, 0, 0, 0, 0, 125, 0, 0),
   (237, 0, 0, 4849732, 13092352, 0, 12386304, 70, 3355443200, 2952815872, 0, 237, 1644167225, 233, 3704881152, 8847577, 0, 9175040, 135, 2919680, 2182152192, 1771008, 16187392, 124, 11527936, 7798970, 2583691264, 0, 226, 93, 0, 2650828544, 15, 38, 145, 0, 31976, 0, 9423, 1090536448, 29749, 14745600, 3097600, 58368, 4421120, 64256, 3724541991, 7208448, 204, 4110430208, 989855744, 15663113, 1161887902, 13489977, 4390912, 0, 39424, 5888, 3355473152, 10420224, 3604480, 2949150, 6750208, 234881024, 0, 2490368, 4143972502, 637575220, 39, 228, 33, 0, 27822464, 0, 836197256, 32601, 32, 0, 528, 0, 4, 22, 5, 198, 9, 241, 11, 24, 15, 65, 33, 186, 39, 64, 41, 245, 45, 39, 48, 136, 55, 94, 62, 96, 64, 72, 73, 78, 78, 242, 79, 210, 80, 155, 86, 58, 90, 62, 91, 57, 92, 90, 93, 203, 108, 181, 109, 187),
   (31976, 0, 9423, 1090536448, 29749, 14745600, 3097600, 58368, 4421120, 64256, 3724541991, 7208448, 204, 4110430208, 989855744, 15663113, 1161887902, 13489977, 4390912, 0, 39424, 5888, 3355473152, 10420224, 3604480, 2949150, 6750208, 234881024, 0, 2490368, 4143972502, 637575220, 39, 228, 33, 0, 27822464, 0, 836197256, 32601, 32, 0, 528, 0, 4, 22, 5, 198, 9, 241, 11, 24, 15, 65, 33, 186, 39, 64, 41, 245, 45, 39, 48, 136, 55, 94, 62, 96, 64, 72, 73, 78, 78, 242, 79, 210, 80, 155, 86, 58, 90, 62, 91, 57, 92, 90, 93, 203, 108, 181, 109, 187, 110, 58, 118, 33, 123, 229, 17, 20, 19, 198, 27, 94, 29, 161, 31, 36, 32, 254, 34, 95, 44, 124, 49, 232, 67, 198, 97, 24, 104, 228, 120, 101, 0, 0, 0, 0),
   (720896, 23808, 115, 0, 0, 0, 469768399, 1996488769, 196, 2030043136, 1560328448, 2545549312, 0, 225, 163, 1224736768, 2080374784, 1610612864, 151, 1591017472, 55283, 1716858624, 2883788, 4127240192, 11719168, 9928192, 535, 4456448, 3724541975, 0, 0, 301989901, 45, 157, 145, 0, 1023410176, 0, 570425344, 335595264, 132, 553648128, 570425377, 9026048, 1946207232, 9043968, 0, 3145728, 1179648, 20124, 1462763520, 7372544, 7181101, 2802450432, 0, 201, 0, 1879048279, 3238049024, 18432, 16056320, 0, 3657450240, 983040, 36, 4352, 61184, 56662, 69, 107, 81, 0, 836197304, 32601, 27824256, 0, 91, 134, 97, 222, 98, 148, 100, 70, 68, 64, 76, 155, 80, 0, 272, 0, 7, 234, 11, 144, 25, 20, 2, 157, 17, 138, 32, 210, 44, 36, 61, 38, 63, 53, 64, 93, 92, 14, 97, 208, 102, 127, 103, 216, 110, 229, 111, 115, 125, 80, 127, 226),
   (1023410176, 0, 570425344, 335595264, 132, 553648128, 570425377, 9026048, 1946207232, 9043968, 0, 3145728, 1179648, 20124, 1462763520, 7372544, 7181101, 2802450432, 0, 201, 0, 1879048279, 3238049024, 18432, 16056320, 0, 3657450240, 983040, 36, 4352, 61184, 56662, 69, 107, 81, 0, 836197304, 32601, 27824256, 0, 91, 134, 97, 222, 98, 148, 100, 70, 68, 64, 76, 155, 80, 0, 272, 0, 7, 234, 11, 144, 25, 20, 2, 157, 17, 138, 32, 210, 44, 36, 61, 38, 63, 53, 64, 93, 92, 14, 97, 208, 102, 127, 103, 216, 110, 229, 111, 115, 125, 80, 127, 226, 62, 251, 69, 216, 79, 107, 84, 221, 99, 164, 104, 33, 107, 214, 114, 190, 122, 175, 124, 137, 0, 0, 0, 0, 0, 0, 0, 0, 0, 0, 529, 0, 13, 95, 16, 93),
   (32000, 0, 24070, 378484, 87, 3892314112, 0, 2181038149, 14352384, 1509949619, 13733888, 0, 0, 53504, 0, 45, 33792, 57856, 0, 0, 9933, 0, 0, 51, 3120589056, 12255232, 179, 393216, 0, 29601, 12124160, 57856, 40, 123, 145, 0, 11468800, 1627390171, 67150336, 3321888821, 8673024, 0, 9568256, 2341684538, 7727616, 0, 1089273856, 0, 14936576, 9226752, 8448, 115, 1610612769, 0, 83, 302033408, 1811939328, 120, 3590344704, 2919235584, 45568, 3858799854, 0, 93, 11927552, 12582912, 8388608, 53335, 19, 87, 113, 0, 836197336, 32601, 836197336, 32601, 27816320, 0, 27823552, 0, 12, 242, 14, 141, 48, 0, 48, 0, 27819088, 0, 25, 106, 30, 32, 36, 245, 112, 0, 272, 0, 5, 60, 6, 103, 8, 99, 20, 133, 21, 133, 38, 78, 49, 4, 61, 135, 92, 58, 98, 50, 101, 44, 102, 65, 112, 69, 116, 240),
   (11468800, 1627390171, 67150336, 3321888821, 8673024, 0, 9568256, 2341684538, 7727616, 0, 1089273856, 0, 14936576, 9226752, 8448, 115, 1610612769, 0, 83, 302033408, 1811939328, 120, 3590344704, 2919235584, 45568, 3858799854, 0, 93, 11927552, 12582912, 8388608, 53335, 19, 87, 113, 0, 836197336, 32601, 836197336, 32601, 27816320, 0, 27823552, 0, 12, 242, 14, 141, 48, 0, 48, 0, 27819088, 0, 25, 106, 30, 32, 36, 245, 112, 0, 272, 0, 5, 60, 6, 103, 8, 99, 20, 133, 21, 133, 38, 78, 49, 4, 61, 135, 92, 58, 98, 50, 101, 44, 102, 65, 112, 69, 116, 240, 119, 92, 27, 43, 32, 36, 43, 213, 54, 100, 57, 173, 62, 228, 64, 178, 65, 28, 69, 132, 77, 80, 83, 186, 90, 135, 107, 100, 111, 97, 114, 226, 115, 176, 123, 162),
   (620756992, 2181038848, 11692800, 0, 2222080, 4949248, 3658678272, 1929399296, 0, 222, 38656, 2868904069, 2424832, 42979, 4128768, 10616840, 0, 0, 1358954750, 2432696320, 16640, 0, 4177548544, 0, 3892354560, 0, 204668928, 0, 3925868544, 45974, 1179749, 1644170172, 144, 0, 145, 0, 3768123517, 10944666, 13824, 225, 0, 1258325248, 29696, 32768, 13056, 3774873600, 0, 1617, 4096, 0, 59648, 0, 72, 382074880, 0, 0, 2598633472, 11534336, 0, 0, 61952, 2162688, 7405568, 1138163712, 1179648, 4227858432, 16187392, 15597568, 36, 12, 129, 0, 27844976, 0, 836197352, 32601, 53, 52, 58, 228, 66, 50, 105, 134, 106, 181, 108, 34, 121, 38, 70, 143, 73, 225, 75, 45, 85, 196, 89, 158, 128, 0, 528, 0, 1, 81, 7, 151, 30, 247, 32, 30, 37, 36, 41, 67, 3, 253, 12, 124, 16, 151, 20, 171, 24, 119, 26, 213),
   (3768123517, 10944666, 13824, 225, 0, 1258325248, 29696, 32768, 13056, 3774873600, 0, 1617, 4096, 0, 59648, 0, 72, 382074880, 0, 0, 2598633472, 11534336, 0, 0, 61952, 2162688, 7405568, 1138163712, 1179648, 4227858432, 16187392, 15597568, 36, 12, 129, 0, 27844976, 0, 836197352, 32601, 53, 52, 58, 228, 66, 50, 105, 134, 106, 181, 108, 34, 121, 38, 70, 143, 73, 225, 75, 45, 85, 196, 89, 158, 128, 0, 528, 0, 1, 81, 7, 151, 30, 247, 32, 30, 37, 36, 41, 67, 3, 253, 12, 124, 16, 151, 20, 171, 24, 119, 26, 213, 38, 10, 40, 36, 45, 155, 46, 183, 52, 89, 57, 58, 58, 45, 66, 177, 71, 163, 79, 239, 81, 170, 82, 23, 95, 246, 96, 19, 100, 230, 105, 42, 107, 155, 108, 244),
   (0, 3958528, 1660944384, 0, 0, 2240086016, 43, 0, 603979776, 19968, 213, 0, 262144, 25600, 11337728, 8905728, 2988179456, 8650752, 0, 5242880, 186, 0, 34560, 973078528, 12800, 2900224, 100, 97, 1157685936, 4026531932, 162, 0, 71, 231, 145, 0, 2162753536, 0, 0, 14680064, 0, 0, 19, 1441792, 0, 18, 4083941376, 5570701, 0, 0, 16640, 12583103, 0, 2986344448, 2584543232, 12189696, 5570560, 7078048, 114, 9763985, 2624192647, 120, 0, 31, 0, 243, 1258291200, 0, 27829520, 0, 145, 0, 2181099520, 8837632, 120, 15794176, 471990272, 3657433088, 13828096, 4096, 3825205248, 56, 312658432, 2011738456, 27904, 20480, 0, 5120, 13888, 1224736768, 0, 4653161, 149, 0, 0, 0, 83886080, 10027008, 2281701621, 5374045, 2598132786, 213, 2231369914, 220, 144, 0, 529, 0, 8, 204, 9, 121, 10, 228, 16, 102, 17, 112, 30, 250, 33, 23, 35, 148, 40, 8, 48, 214),
   (2162753536, 0, 0, 14680064, 0, 0, 19, 1441792, 0, 18, 4083941376, 5570701, 0, 0, 16640, 12583103, 0, 2986344448, 2584543232, 12189696, 5570560, 7078048, 114, 9763985, 2624192647, 120, 0, 31, 0, 243, 1258291200, 0, 27829520, 0, 145, 0, 2181099520, 8837632, 120, 15794176, 471990272, 3657433088, 13828096, 4096, 3825205248, 56, 312658432, 2011738456, 27904, 20480, 0, 5120, 13888, 1224736768, 0, 4653161, 149, 0, 0, 0, 83886080, 10027008, 2281701621, 5374045, 2598132786, 213, 2231369914, 220, 144, 0, 529, 0, 8, 204, 9, 121, 10, 228, 16, 102, 17, 112, 30, 250, 33, 23, 35, 148, 40, 8, 48, 214, 53, 115, 55, 243, 57, 32, 61, 1, 62, 23, 70, 192, 72, 206, 76, 161, 0, 142, 1, 102, 3, 62, 6, 155, 31, 31, 32, 122, 36, 115, 37, 221, 58, 125, 59, 242),
   (2181099520, 8837632, 120, 15794176, 471990272, 3657433088, 13828096, 4096, 3825205248, 56, 312658432, 2011738456, 27904, 20480, 0, 5120, 13888, 1224736768, 0, 4653161, 149, 0, 0, 0, 83886080, 10027008, 2281701621, 5374045, 2598132786, 213, 2231369914, 220, 144, 0, 529, 0, 8, 204, 9, 121, 10, 228, 16, 102, 17, 112, 30, 250, 33, 23, 35, 148, 40, 8, 48, 214, 53, 115, 55, 243, 57, 32, 61, 1, 62, 23, 70, 192, 72, 206, 76, 161, 0, 142, 1, 102, 3, 62, 6, 155, 31, 31, 32, 122, 36, 115, 37, 221, 58, 125, 59, 242, 65, 232, 69, 83, 71, 58, 85, 209, 86, 41, 96, 251, 102, 48, 109, 119, 119, 186, 123, 149, 95, 106, 104, 122, 110, 43, 117, 56, 124, 27, 125, 166, 86, 202, 97, 56),
   (44544, 7667712, 0, 48431, 146, 318767104, 3539992576, 12189825, 0, 1310857, 11249981, 0, 3388997807, 0, 0, 1358954496, 13893632, 1213923328, 29184, 35840, 0, 2750464, 1403419904, 27260, 1508158, 21033, 0, 0, 0, 5312, 10, 16128, 40, 123, 145, 0, 720896, 211, 6, 68, 402653184, 7602176, 0, 0, 8960, 0, 6094848, 3573559040, 4682240, 15990784, 7536416, 135, 0, 49249, 0, 2555904, 197, 0, 8704, 301989888, 524288, 0, 2432760832, 0, 15254528, 106, 1929379840, 0, 86, 40, 145, 0, 32612, 90, 1912602679, 1577058304, 3475046400, 11027, 0, 3145456098, 3288334336, 570425344, 43293, 34304, 385875968, 0, 14017536, 0, 10223864, 15532172, 150994944, 3674210498, 151047168, 0, 126, 2097152, 15958528, 922746948, 3783286784, 3456106496, 0, 10815184, 2869624832, 0, 144, 0, 273, 0, 3, 124, 7, 170, 10, 55, 22, 240, 34, 130, 35, 220, 43, 74, 48, 14, 53, 173, 58, 63),
   (720896, 211, 6, 68, 402653184, 7602176, 0, 0, 8960, 0, 6094848, 3573559040, 4682240, 15990784, 7536416, 135, 0, 49249, 0, 2555904, 197, 0, 8704, 301989888, 524288, 0, 2432760832, 0, 15254528, 106, 1929379840, 0, 86, 40, 145, 0, 32612, 90, 1912602679, 1577058304, 3475046400, 11027, 0, 3145456098, 3288334336, 570425344, 43293, 34304, 385875968, 0, 14017536, 0, 10223864, 15532172, 150994944, 3674210498, 151047168, 0, 126, 2097152, 15958528, 922746948, 3783286784, 3456106496, 0, 10815184, 2869624832, 0, 144, 0, 273, 0, 3, 124, 7, 170, 10, 55, 22, 240, 34, 130, 35, 220, 43, 74, 48, 14, 53, 173, 58, 63, 63, 46, 68, 238, 87, 143, 114, 226, 8, 180, 21, 252, 28, 202, 40, 7, 45, 91, 62, 93, 64, 1, 66, 121, 70, 113, 76, 119, 107, 29, 111, 63, 119, 225, 125, 26),
   (32612, 90, 1912602679, 1577058304, 3475046400, 11027, 0, 3145456098, 3288334336, 570425344, 43293, 34304, 385875968, 0, 14017536, 0, 10223864, 15532172, 150994944, 3674210498, 151047168, 0, 126, 2097152, 15958528, 922746948, 3783286784, 3456106496, 0, 10815184, 2869624832, 0, 144, 0, 273, 0, 3, 124, 7, 170, 10, 55, 22, 240, 34, 130, 35, 220, 43, 74, 48, 14, 53, 173, 58, 63, 63, 46, 68, 238, 87, 143, 114, 226, 8, 180, 21, 252, 28, 202, 40, 7, 45, 91, 62, 93, 64, 1, 66, 121, 70, 113, 76, 119, 107, 29, 111, 63, 119, 225, 125, 26, 118, 128, 127, 76, 105, 82, 108, 124, 272, 0, 529, 0, 0, 0, 0, 0, 22, 198, 0, 0, 0, 241, 0, 24, 0, 0, 0, 65, 0, 20, 0, 198, 0, 0, 0, 0),
   (10158253, 2580742144, 9043968, 11468800, 1996522123, 1929379840, 187, 14632191, 0, 2365587456, 47, 55552, 2818048, 385876161, 7209081, 10496, 0, 0, 43623, 14982912, 211, 0, 51200, 973078738, 3170923023, 226, 2013266034, 9371770, 0, 3395551232, 0, 50944, 59, 44, 145, 0, 518084061, 36, 3187671137, 2701131776, 8978579, 22, 12189819, 3741371648, 46575, 1795217408, 921698521, 46, 80, 18, 0, 0, 0, 3439329387, 16, 0, 603979827, 209, 167772392, 221, 0, 0, 3556769792, 0, 29842, 8847360, 134, 786489, 59, 226, 161, 0, 0, 198, 10617029, 2687204, 12189765, 1283457024, 268435673, 1154285568, 3721068758, 0, 57, 4144025856, 1807220933, 0, 51456, 4143972498, 2818048, 3444572160, 4063232, 0, 12517376, 4194304000, 62464, 2583699456, 0, 2688256, 0, 2580414494, 1543503872, 16580608, 3490054144, 3735617536, 106, 85, 107, 195, 160, 0, 545, 0, 12, 58, 37, 229, 46, 171, 47, 153, 48, 227, 62, 5, 65, 76, 72, 72),
   (518084061, 36, 3187671137, 2701131776, 8978579, 22, 12189819, 3741371648, 46575, 1795217408, 921698521, 46, 80, 18, 0, 0, 0, 3439329387, 16, 0, 603979827, 209, 167772392, 221, 0, 0, 3556769792, 0, 29842, 8847360, 134, 786489, 59, 226, 161, 0, 0, 198, 10617029, 2687204, 12189765, 1283457024, 268435673, 1154285568, 3721068758, 0, 57, 4144025856, 1807220933, 0, 51456, 4143972498, 2818048, 3444572160, 4063232, 0, 12517376, 4194304000, 62464, 2583699456, 0, 2688256, 0, 2580414494, 1543503872, 16580608, 3490054144, 3735617536, 106, 85, 107, 195, 160, 0, 545, 0, 12, 58, 37, 229, 46, 171, 47, 153, 48, 227, 62, 5, 65, 76, 72, 72, 95, 251, 99, 27, 106, 237, 107, 66, 109, 244, 3, 78, 4, 156, 9, 210, 32, 231, 35, 154, 45, 216, 49, 58, 70, 77, 75, 25, 76, 227, 79, 52, 80, 159, 82, 27),
   (0, 198, 10617029, 2687204, 12189765, 1283457024, 268435673, 1154285568, 3721068758, 0, 57, 4144025856, 1807220933, 0, 51456, 4143972498, 2818048, 3444572160, 4063232, 0, 12517376, 4194304000, 62464, 2583699456, 0, 2688256, 0, 2580414494, 1543503872, 16580608, 3490054144, 3735617536, 106, 85, 107, 195, 160, 0, 545, 0, 12, 58, 37, 229, 46, 171, 47, 153, 48, 227, 62, 5, 65, 76, 72, 72, 95, 251, 99, 27, 106, 237, 107, 66, 109, 244, 3, 78, 4, 156, 9, 210, 32, 231, 35, 154, 45, 216, 49, 58, 70, 77, 75, 25, 76, 227, 79, 52, 80, 159, 82, 27, 84, 43, 91, 195, 97, 67, 100, 181, 102, 189, 104, 114, 114, 81, 122, 165, 123, 78, 27832144, 0, 20, 167, 33, 1, 35, 200, 48, 149, 52, 215, 1, 40, 6, 77, 9, 91),
   (3808428032, 47104, 3959423187, 603997696, 1090536762, 0, 8454370, 4278190080, 151, 0, 0, 37888, 11264, 0, 11264, 43, 234908928, 3842036480, 0, 0, 0, 520093696, 5075, 43264, 0, 4718592, 387186688, 4215341056, 9830400, 209, 39424, 0, 20, 158, 145, 0, 28033, 0, 2048, 4261464064, 7602176, 9216, 3825205444, 56576, 0, 13784576, 389152768, 503447552, 50176, 219, 55808, 2130758912, 1593888768, 11264, 46848, 3590324224, 687865856, 2046820488, 92, 7, 0, 0, 32000, 9496320, 805306368, 0, 39936, 15925248, 58, 121, 145, 0, 2761963008, 2499805266, 5505125, 3120562243, 56181, 0, 0, 51968, 0, 0, 0, 169, 2998992896, 3338666240, 2734686208, 3524132864, 2839040, 0, 2600468545, 3053453312, 72, 401647104, 1310720, 3573547008, 0, 2885681152, 0, 4244635648, 0, 8370729, 3407872, 0, 110, 189, 81, 0, 27835536, 0, 836197304, 32601, 27832640, 0, 27829376, 0, 56, 87, 57, 48, 66, 147, 67, 45, 80, 0, 272, 0),
   
  type key is array(0 to 127) of integer;
  constant answer_key : key :=
  ( 0, 1048628, 6488124, 2359335, 655408, 5111880, 1310760, 7340083, 7995429, 6750265, 2097198, 1179697, 6357053, 7995430, 5636137, 4128822, 7012393, 3211313, 852011, 524329, 37, 4456482, 3211299, 4784179, 4063285, 6422578, 6357037, 5242924, 6488122, 30, 6684719, 5898296, 6225958, 7798840, 6553642, 4915254, 4456475, 6029378, 6225968, 2490422, 5242924, 6357046, 18, 655413, 5373996, 2097192, 1376296, 8126524, 5046322, 7012383, 7798802, 5570633, 7405607, 4587564, 2162745, 1900592, 6946861, 6225970, 4456498, 3014711, 7798847, 5374004, 3276833, 1310765, 7602224, 2818108, 7864374, 2359335, 12, 7733304, 7798803, 7012382, 3604530, 6357030, 2687045, 1900590, 7798808, 6488108, 7798853, 7340099, 4456483, 6225977, 4587541, 4718650, 2621492, 917572, 4456483, 3801147, 7405606, 5963837, 4063269, 4980776, 5767220, 3670073, 4456491, 5373983, 7667760, 4063269, 7798831, 4456491, 196649, 4390959, 5373994, 524329, 7733294, 6160436, 1048619, 7405586, 7864380, 1179697, 4063270, 524343, 7405599, 7798800, 65600, 8192046, 7012399, 36, 3211303, 4456463, 5898281, 1966133, 4456484, 58, 5963817, 7405594, 1310768, 3211307 );
