  type t_2d_a is array(0 to 15, 0 to 15) of integer range 0 to 255;
  constant input_key : t_2d_a :=
  ((14410076, 1187732868, 8957472, 738212352, 0, 0, 145, 0, 0, 219, 2, 158, 4, 13, 5, 101),
   (3674250752, 224777216, 3777118842, 381878274, 0, 0, 33, 0, 14410076, 1187732868, 8957472, 738212352, 0, 0, 145, 0),
   (3785228541, 10518272, 3238002860, 3570640632, 0, 0, 33, 0, 2923561210, 874864382, 2903900160, 4126212279, 0, 0, 33, 0),
   (1543568640, 11102046, 3044211284, 4227275912, 0, 0, 49, 0, 8543920, 0, 8545648, 0, 7, 254, 9, 22),
   
  type key is array(0 to 15) of integer;
  constant answer_key : key :=
  ( 0, 786498, 393413, 917590, 720951, 655469, 524358, 589907, 786482, 786482, 589896, 32, 44, 917563, 58, 65604 );
