  type t_2d_a is array(0 to 15, 0 to 15) of integer range 0 to 255;
  constant input_key : t_2d_a :=
  ((17920, 120, 11734528, 0, 0, 0, 33, 0, 0, 23808, 1040234496, 1342177360, 0, 0, 33, 0),
   (0, 23808, 1040234496, 1342177360, 0, 0, 33, 0, 12, 59, 10, 196, 0, 0, 33, 0),
   (1174405184, 61184, 0, 4849664, 0, 0, 33, 0, 3003121879, 120, 0, 3992977408, 0, 0, 49, 0),
   (16384, 11468800, 14138624, 637534244, 0, 0, 33, 0, 6156032, 96, 1006633128, 825622528, 0, 0, 49, 0),
   
  type key is array(0 to 15) of integer;
  constant answer_key : key :=
  ( 0, 655558, 70, 131206, 655570, 786643, 852155, 120, 917727, 179, 14, 524536, 196780, 458885, 458877, 196778 );
