  type t_2d_a is array(0 to 15, 0 to 15) of integer range 0 to 255;
  constant input_key : t_2d_a :=
  ((0, 151, 0, 0, 0, 0, 49, 0, 7, 98, 1, 41, 14, 99, 0, 0),
   (0, 0, 0, 687865856, 0, 0, 33, 0, 0, 31744, 0, 0, 0, 0, 33, 0),
   (0, 31744, 0, 0, 0, 0, 33, 0, 0, 3276800, 7186176, 63, 0, 0, 33, 0),
   (0, 3276800, 7186176, 63, 0, 0, 33, 0, 0, 0, 1024, 0, 0, 0, 33, 0),
   
  type key is array(0 to 15) of integer;
  constant answer_key : key :=
  ( 0, 786722, 393493, 590261, 655968, 197095, 458905, 151, 393497, 459080, 197212, 393404, 459001, 917971, 786780, 197108 );
