  type t_2d_a is array(0 to 31, 0 to 31) of integer range 0 to 255;
  constant input_key : t_2d_a :=
  ((    0,    90,     0,   162,    48,     0,     0,    19,   168,   149,    71,    65,     0,     0,   174,     0,   252,     0,   229,    30,   125,    24,     2,     0,     5,   246,     0,     0,    47,     0,   134,   194),
   (   90,     0,   225,     0,   182,     0,     0,    10,     0,     0,    93,   222,    14,     0,     0,    69,     0,     0,   198,    31,     0,     0,    52,    92,     0,     0,     0,     0,   120,   124,     0,     0),
   (    0,   225,     0,     0,    95,     0,   180,     0,     0,     0,   154,   121,     0,   206,     0,   243,   177,     0,     0,   175,     0,   205,   172,    55,   217,   163,    85,    71,     0,     0,     0,    11),
   (  162,     0,     0,     0,    61,    60,     0,     0,   252,    40,   247,    41,    59,    82,     0,     0,   170,     9,   162,    26,    91,     0,    82,     0,   149,   235,   223,     0,     0,     0,   187,   214),
   (   48,   182,    95,    61,     0,     0,   236,   167,     0,     0,   190,     0,   157,   159,     0,   137,   173,     0,     0,     0,     0,     0,     0,   159,     0,   115,   252,     0,   156,   253,     0,   178),
   (    0,     0,     0,    60,     0,     0,     0,     0,     0,     0,     0,   208,    89,    41,     0,   223,   134,   190,     0,     0,    39,     0,     0,     0,     0,    23,    36,     0,     0,    61,   116,     0),
   (    0,     0,   180,     0,   236,     0,     0,   169,     0,   210,   127,    41,     0,     0,     0,     0,    84,   110,     0,     0,   108,     0,   106,   227,    60,     0,    63,     0,     0,    78,   201,     0),
   (   19,    10,     0,     0,   167,     0,   169,     0,    22,     0,    88,   110,     9,   184,    13,   108,   226,   200,   180,    24,     0,     0,     0,    40,   206,     0,     0,   208,     0,   236,    23,     0),
   (  168,     0,     0,   252,     0,     0,     0,    22,     0,     0,   238,   156,   233,     0,     0,   142,     0,     0,     0,     0,    74,   132,    89,   176,   253,   174,     0,   118,     0,     0,   159,   140),
   (  149,     0,     0,    40,     0,     0,   210,     0,     0,     0,     0,     0,     0,     0,    50,     0,     0,    76,     0,     0,     0,   212,     0,    50,   237,   223,   180,     0,     0,     0,     0,     0),
   (   71,    93,   154,   247,   190,     0,   127,    88,   238,     0,     0,   118,     0,     0,   155,     0,     0,     1,     0,   227,     0,   192,     0,   173,     0,     0,     0,     0,   147,   242,     0,     0),
   (   65,   222,   121,    41,     0,   208,    41,   110,   156,     0,   118,     0,   115,     0,     0,   198,     0,     0,     0,   142,   235,   239,   170,     7,   138,   115,     0,     0,    54,    94,    88,     2),
   (    0,    14,     0,    59,   157,    89,     0,     9,   233,     0,     0,   115,     0,     0,     0,   239,   143,    42,     0,     0,     0,   182,     0,     0,     0,     0,   206,   237,   199,   122,     0,   231),
   (    0,     0,   206,    82,   159,    41,     0,   184,     0,     0,     0,     0,     0,     0,    55,     0,     0,   112,     0,   138,     0,    73,    99,     0,   243,   150,    40,     0,     0,     0,     9,     0),
   (  174,     0,     0,     0,     0,     0,     0,    13,     0,    50,   155,     0,     0,    55,     0,   164,   131,   182,    12,   140,     0,    85,     0,     0,     0,    12,    56,     0,   142,   206,   180,     0),
   (    0,    69,   243,     0,   137,   223,     0,   108,   142,     0,     0,   198,   239,     0,   164,     0,   254,     0,   229,   118,     0,   199,     0,   123,     0,     0,     0,     0,   169,     0,    18,   161),
   (  252,     0,   177,   170,   173,   134,    84,   226,     0,     0,     0,     0,   143,     0,   131,   254,     0,     0,   133,     0,   181,    15,   118,   240,     0,    16,    94,   165,     4,     0,   196,     0),
   (    0,     0,     0,     9,     0,   190,   110,   200,     0,    76,     1,     0,    42,   112,   182,     0,     0,     0,     0,    75,   164,   220,     0,     9,     0,    20,     0,     0,     0,     8,   164,   100),
   (  229,   198,     0,   162,     0,     0,     0,   180,     0,     0,     0,     0,     0,     0,    12,   229,   133,     0,     0,     0,     9,     0,     0,     0,   205,    59,    21,     0,     0,     6,   171,     0),
   (   30,    31,   175,    26,     0,     0,     0,    24,     0,     0,   227,   142,     0,   138,   140,   118,     0,    75,     0,     0,    20,    57,   199,    15,   152,   235,     0,    55,     0,     0,     0,     0),
   (  125,     0,     0,    91,     0,    39,   108,     0,    74,     0,     0,   235,     0,     0,     0,     0,   181,   164,     9,    20,     0,    10,     8,     0,     0,     0,    43,     0,   133,     0,   235,     0),
   (   24,     0,   205,     0,     0,     0,     0,     0,   132,   212,   192,   239,   182,    73,    85,   199,    15,   220,     0,    57,    10,     0,     0,     0,     0,   114,   242,     0,     0,     0,   162,   247),
   (    2,    52,   172,    82,     0,     0,   106,     0,    89,     0,     0,   170,     0,    99,     0,     0,   118,     0,     0,   199,     8,     0,     0,     0,     0,     0,   205,     0,     0,     0,     0,   225),
   (    0,    92,    55,     0,   159,     0,   227,    40,   176,    50,   173,     7,     0,     0,     0,   123,   240,     9,     0,    15,     0,     0,     0,     0,   255,     0,   124,     0,   251,     0,     0,     0),
   (    5,     0,   217,   149,     0,     0,    60,   206,   253,   237,     0,   138,     0,   243,     0,     0,     0,     0,   205,   152,     0,     0,     0,   255,     0,     0,    15,     0,     0,     0,   233,     0),
   (  246,     0,   163,   235,   115,    23,     0,     0,   174,   223,     0,   115,     0,   150,    12,     0,    16,    20,    59,   235,     0,   114,     0,     0,     0,     0,    17,     0,     0,    61,     0,     0),
   (    0,     0,    85,   223,   252,    36,    63,     0,     0,   180,     0,     0,   206,    40,    56,     0,    94,     0,    21,     0,    43,   242,   205,   124,    15,    17,     0,     0,   160,     0,   146,    35),
   (    0,     0,    71,     0,     0,     0,     0,   208,   118,     0,     0,     0,   237,     0,     0,     0,   165,     0,     0,    55,     0,     0,     0,     0,     0,     0,     0,     0,    35,   146,     0,     0),
   (   47,   120,     0,     0,   156,     0,     0,     0,     0,     0,   147,    54,   199,     0,   142,   169,     4,     0,     0,     0,   133,     0,     0,   251,     0,     0,   160,    35,     0,   171,     0,     0),
   (    0,   124,     0,     0,   253,    61,    78,   236,     0,     0,   242,    94,   122,     0,   206,     0,     0,     8,     6,     0,     0,     0,     0,     0,     0,    61,     0,   146,   171,     0,     0,   127),
   (  134,     0,     0,   187,     0,   116,   201,    23,   159,     0,     0,    88,     0,     9,   180,    18,   196,   164,   171,     0,   235,   162,     0,     0,   233,     0,   146,     0,     0,     0,     0,    21),
   (  194,     0,    11,   214,   178,     0,     0,     0,   140,     0,     0,     2,   231,     0,     0,   161,     0,   100,     0,     0,     0,   247,   225,     0,     0,     0,    35,     0,     0,   127,    21,     0));
   
  type list is array(0 to 255) of integer;
  constant edge_list : list :=
  ( 930, 1072, 1811, 2216, 2881, 3758, 4348, 5400, 5634, 6149, 6646, 7814, 8130, 16474, 17121, 17590, 19037, 19422, 21190, 23672, 33887, 34484, 35705, 36851, 37807, 38349, 38711, 39509, 39751, 40715, 50237, 50492, 51496, 52283, 52562, 53418, 53513, 53922, 54042, 54363, 55445, 55787, 57019, 57302, 67308, 67495, 68286, 68765, 69513, 69805, 71583, 72051, 72444, 73213, 73650, 84944, 85081, 85289, 85983, 87079, 88343, 88612, 89405, 100265, 100991, 101161, 102484, 104042, 105806, 106185, 114954, 116758, 117336, 117769, 118636, 119240, 119476, 122348, 122391, 132092, 133870, 134377, 135054, 136580, 137469, 137646, 138911, 147605, 149202, 151884, 153394, 154079, 154292, 163911, 164506, 164855, 166774, 167579, 169408, 181033, 182126, 182428, 185230, 185579, 186026, 186119, 186739, 187446, 187742, 187992, 188162, 196878, 199539, 200687, 202166, 203470, 203757, 203975, 204154, 213710, 214175, 214968, 218723, 220681, 231181, 231730, 232759, 233380, 234837, 235788, 236088, 236686, 237006, 237236, 246085, 248774, 251771, 262833, 263558, 264162, 265359, 265859, 266238, 267445, 267535, 268272, 279998, 280174, 281089, 281642, 281968, 282294, 283467, 284124, 284425, 284948, 285960, 286372, 295141, 298508, 298981, 299141, 302763, 311326, 311583, 313112, 314083, 314762, 315020, 315254, 316436, 316729, 317127, 317199, 317931, 318263, 327805, 329324, 329802, 332196, 332297, 333066, 333320, 334981, 346580, 347119, 347465, 348103, 350578, 351906, 360756, 361132, 361298, 362585, 364662, 367309, 377180, 378595, 378664, 379056, 379565, 383231, 383612, 384251, 393945, 394812, 395214, 395757, 396170, 396787, 398029, 398232, 399887, 401129, 410275, 413078, 413712, 414267, 417085, 426975, 427583, 429352, 430174, 430613, 431147, 431602, 432401, 433312, 433955, 444368, 444534, 446629, 449938, 458799, 459932, 461459, 462761, 462852, 465699, 475516, 477938, 479750, 482475, 492916, 495378, 495812, 496875, 498322, 510092, 511207, 511905, 512356, 513527, 513761, 515455, 515605 );

  type key is array(0 to 31) of integer;
  constant answer_key : key :=
  ( 0, 458781, 2031678, 1114154, 48, 1310769, 1572929, 19, 458793, 917585, 1114146, 1507377, 458780, 1966131, 1179679, 1966140, 1376291, 1900577, 1310739, 30, 1441802, 1310740, 2, 1114154, 5, 1703973, 1572884, 1835082, 1048615, 1179673, 458794, 720947 );
