  type t_2d_a is array(0 to 31, 0 to 31) of integer range 0 to 255;
  constant input_key : t_2d_a :=
  ((0, 1694498816, 0, 54784, 57344, 3506438144, 0, 0, 0, 4, 49, 0, 8192, 0, 48, 0, 199, 0, 0, 0, 13, 22, 49, 0, 8103008, 0, 8102624, 0, 0, 0, 0, 0),
   (0, 0, 0, 3305111552, 0, 0, 0, 0, 0, 14, 49, 0, 8102000, 0, 1289833368, 32610, 0, 0, 0, 0, 48, 0, 48, 0, 0, 42, 0, 0, 0, 13631488, 3338665984, 0),
   (0, 0, 0, 0, 0, 41, 536870912, 0, 2, 23, 49, 0, 8102912, 0, 8102000, 0, 8103504, 0, 0, 0, 48, 0, 48, 0, 0, 20, 0, 0, 0, 2835357440, 805306368, 105),
   (0, 0, 7274496, 14614528, 2248146944, 2030043136, 0, 48128, 3, 9, 49, 0, 8102480, 0, 8103104, 0, 8102304, 0, 8103120, 0, 48, 0, 48, 0, 3590324224, 0, 0, 0, 0, 0, 133376, 2555904),
   (1694498816, 75, 0, 0, 0, 0, 0, 0, 3, 13, 49, 0, 0, 0, 0, 3892314112, 3087007744, 0, 0, 1073741824, 14, 29, 49, 0, 188, 214, 0, 0, 0, 0, 0, 0),
   (0, 0, 0, 3423404032, 0, 0, 0, 0, 3, 16, 49, 0, 223, 851968, 0, 0, 0, 38656, 5832704, 0, 7, 10, 33, 0, 8105056, 0, 8104208, 0, 32, 0, 32, 0),
   (0, 4, 0, 0, 0, 2214621440, 0, 0, 3, 20, 49, 0, 0, 1258292224, 54292, 0, 42, 0, 0, 54784, 3, 30, 241, 0, 1289833560, 32610, 1289833560, 32610, 0, 0, 0, 0),
   (0, 1258292224, 54292, 0, 42, 0, 0, 54784, 3, 30, 241, 0, 1289833560, 32610, 1289833560, 32610, 0, 0, 0, 0, 24, 19, 193, 0, 8102624, 0, 8102480, 0, 0, 0, 0, 0),
   
  type key is array(0 to 31) of integer;
  constant answer_key : key :=
  ( 0, 786970, 1573140, 1311050, 101, 852286, 458932, 262320, 1311108, 197049, 459140, 458948, 1704277, 1638705, 214, 786824, 1442114, 786879, 224, 458970, 209, 1704279, 721123, 131389, 721140, 917720, 917727, 1835388, 1704252, 917757, 459142, 1704221 );
