  type t_2d_a is array(0 to 31, 0 to 31) of integer range 0 to 255;
  constant input_key : t_2d_a :=
  ((11141213, 1442840669, 1442840638, 47360, 49408, 151059968, 4160749568, 4093640864, 0, 3, 49, 0, 0, 1409286391, 50944, 0, 2949120, 3842044160, 285216512, 65536, 0, 22, 49, 0, 2684383744, 2365587456, 190, 2701131776, 0, 11599872, 29952, 8454144),
   (2852155136, 3238002688, 181, 855638112, 5149, 69, 0, 0, 0, 4, 289, 0, 2520763528, 32680, 2520763528, 32680, 34489968, 0, 0, 0, 48, 0, 48, 0, 34486112, 0, 34485360, 0, 34490064, 0, 0, 0),
   (7274496, 0, 155, 0, 0, 393352, 1983512576, 114, 0, 7, 193, 0, 2520763432, 32680, 34489616, 0, 0, 0, 34490592, 0, 22, 26, 49, 0, 34488224, 0, 34484384, 0, 0, 0, 34488144, 0),
   (1560281088, 1864433664, 1441847, 3551395840, 4197735936, 2902481152, 40704, 62720, 0, 8, 577, 0, 2520763816, 32680, 2520763816, 32680, 0, 0, 0, 0, 48, 0, 48, 0, 34485968, 0, 34485984, 0, 0, 0, 0, 0),
   (1455489135, 21527, 16896, 486539264, 0, 108, 1441792, 2197487757, 0, 11, 145, 0, 34485056, 0, 34488464, 0, 0, 0, 0, 0, 48, 0, 48, 0, 34488080, 0, 34486176, 0, 0, 0, 0, 0),
   (33, 0, 83, 106692608, 2752512, 0, 48384, 12779520, 0, 14, 97, 0, 34485440, 0, 34489472, 0, 34490880, 0, 0, 0, 28, 16, 49, 0, 34486400, 0, 34485056, 0, 34484928, 0, 34484064, 0),
   (0, 1409286391, 50944, 0, 2949120, 3842044160, 285216512, 65536, 0, 22, 49, 0, 2684383744, 2365587456, 190, 2701131776, 0, 11599872, 29952, 8454144, 4, 12, 1009, 0, 2520764248, 32680, 2520764248, 32680, 0, 0, 0, 0),
   (1560281088, 385939200, 45042, 973078598, 3915769, 247, 3, 10139392, 0, 24, 97, 0, 34486400, 0, 34490528, 0, 34489296, 0, 34489536, 0, 22, 3, 49, 0, 34490960, 0, 34485296, 0, 0, 0, 0, 0),
   
  type key is array(0 to 31) of integer;
  constant answer_key : key :=
  ( 0, 1179781, 1638546, 93, 86, 786534, 1114228, 93, 1310796, 196723, 262296, 62, 720992, 1638580, 1900674, 917637, 1769601, 1310791, 1638513, 65698, 9, 131224, 196790, 262338, 720998, 720984, 393347, 458848, 1048751, 393333, 1048724, 160 );
