  type t_2d_a is array(0 to 63, 0 to 63) of integer range 0 to 255;
  constant input_key : t_2d_a :=
  ((15606737, 3678217054, 133930485, 712144161, 140941755, 117518265, 725552724, 536248313, 595017984, 3916234970, 2788725014, 763449370, 3025000096, 469765541, 7520050, 1485712392, 80, 0, 529, 0, 0, 157, 2, 185, 3, 153, 4, 30, 5, 60, 7, 78, 1, 212, 8, 223, 9, 158, 11, 143, 14, 241, 15, 134, 17, 215, 18, 61, 19, 150, 20, 238, 23, 19, 24, 201, 27, 71, 28, 158, 29, 1, 30, 62),
   (3993037338, 171901153, 1841681592, 973027382, 3976212224, 3483015783, 117502178, 229905276, 1039899347, 1011484672, 417070563, 547851776, 2041754863, 402694584, 2807759360, 202571800, 0, 0, 81, 0, 602537984, 4001414656, 2693380483, 3828890579, 205771781, 230314220, 3201368255, 16578650, 208022723, 338297033, 85655558, 1005966, 456858843, 3322991449, 276886871, 2186510336, 15270192, 0, 81, 0, 3508142080, 3163422728, 2842859982, 2322142030, 1209983069, 1128654219, 2048875152, 234887574, 265289765, 3022483191, 282269765, 255207643, 13553704, 2359779584, 116831965, 3103817216, 59, 37, 81, 0, 3674926780, 1321668, 544743145, 3526845685),
   (602537984, 4001414656, 2693380483, 3828890579, 205771781, 230314220, 3201368255, 16578650, 208022723, 338297033, 85655558, 1005966, 456858843, 3322991449, 276886871, 2186510336, 15270192, 0, 81, 0, 3508142080, 3163422728, 2842859982, 2322142030, 1209983069, 1128654219, 2048875152, 234887574, 265289765, 3022483191, 282269765, 255207643, 13553704, 2359779584, 116831965, 3103817216, 59, 37, 81, 0, 3674926780, 1321668, 544743145, 3526845685, 2896835778, 2860591708, 2432754395, 3996762850, 380469108, 1850081435, 2371874575, 362528594, 221249556, 2771030558, 2334497891, 3694083004, 0, 0, 81, 0, 1027571854, 335578317, 2627353600, 1593732133),
   (3508142080, 3163422728, 2842859982, 2322142030, 1209983069, 1128654219, 2048875152, 234887574, 265289765, 3022483191, 282269765, 255207643, 13553704, 2359779584, 116831965, 3103817216, 59, 37, 81, 0, 3674926780, 1321668, 544743145, 3526845685, 2896835778, 2860591708, 2432754395, 3996762850, 380469108, 1850081435, 2371874575, 362528594, 221249556, 2771030558, 2334497891, 3694083004, 0, 0, 81, 0, 1027571854, 335578317, 2627353600, 1593732133, 3304663654, 3012416982, 4028724026, 1122725033, 836823191, 2692939973, 2885732605, 2585023358, 15494635, 2314392320, 1603580897, 1443696141, 15251232, 0, 81, 0, 587251200, 713293974, 214565012, 3869473959),
   (3674926780, 1321668, 544743145, 3526845685, 2896835778, 2860591708, 2432754395, 3996762850, 380469108, 1850081435, 2371874575, 362528594, 221249556, 2771030558, 2334497891, 3694083004, 0, 0, 81, 0, 1027571854, 335578317, 2627353600, 1593732133, 3304663654, 3012416982, 4028724026, 1122725033, 836823191, 2692939973, 2885732605, 2585023358, 15494635, 2314392320, 1603580897, 1443696141, 15251232, 0, 81, 0, 587251200, 713293974, 214565012, 3869473959, 3578211431, 1057705472, 2725961887, 3754996150, 4179095881, 1893830057, 96899516, 6193069, 3766264606, 772709284, 2019155525, 1792267264, 25, 56, 81, 0, 1591803912, 3301807616, 3071692355, 3459803529),
   (1027571854, 335578317, 2627353600, 1593732133, 3304663654, 3012416982, 4028724026, 1122725033, 836823191, 2692939973, 2885732605, 2585023358, 15494635, 2314392320, 1603580897, 1443696141, 15251232, 0, 81, 0, 587251200, 713293974, 214565012, 3869473959, 3578211431, 1057705472, 2725961887, 3754996150, 4179095881, 1893830057, 96899516, 6193069, 3766264606, 772709284, 2019155525, 1792267264, 25, 56, 81, 0, 1591803912, 3301807616, 3071692355, 3459803529, 581158834, 182450770, 281512481, 1849574855, 1651590159, 1250948546, 257801189, 983905541, 2330321525, 604025344, 3536215773, 1403986409, 0, 0, 81, 0, 124625065, 547097783, 10280882, 3497993122),
   (587251200, 713293974, 214565012, 3869473959, 3578211431, 1057705472, 2725961887, 3754996150, 4179095881, 1893830057, 96899516, 6193069, 3766264606, 772709284, 2019155525, 1792267264, 25, 56, 81, 0, 1591803912, 3301807616, 3071692355, 3459803529, 581158834, 182450770, 281512481, 1849574855, 1651590159, 1250948546, 257801189, 983905541, 2330321525, 604025344, 3536215773, 1403986409, 0, 0, 81, 0, 124625065, 547097783, 10280882, 3497993122, 2119797444, 3961624410, 1076105835, 2519793650, 2369984962, 3093128569, 4148269257, 2911308615, 3786959860, 849923328, 4047706507, 13022456, 15297024, 0, 81, 0, 4224026994, 2023410198, 2617286347, 1277712973),
   (1591803912, 3301807616, 3071692355, 3459803529, 581158834, 182450770, 281512481, 1849574855, 1651590159, 1250948546, 257801189, 983905541, 2330321525, 604025344, 3536215773, 1403986409, 0, 0, 81, 0, 124625065, 547097783, 10280882, 3497993122, 2119797444, 3961624410, 1076105835, 2519793650, 2369984962, 3093128569, 4148269257, 2911308615, 3786959860, 849923328, 4047706507, 13022456, 15297024, 0, 81, 0, 4224026994, 2023410198, 2617286347, 1277712973, 995505797, 1955069952, 3124883765, 2981691459, 4008915158, 3566274554, 4194697224, 447470123, 451445554, 3470089457, 2248200275, 940483484, 61, 31, 81, 0, 2647964057, 507248718, 3751673999, 1101001094),
   (124625065, 547097783, 10280882, 3497993122, 2119797444, 3961624410, 1076105835, 2519793650, 2369984962, 3093128569, 4148269257, 2911308615, 3786959860, 849923328, 4047706507, 13022456, 15297024, 0, 81, 0, 4224026994, 2023410198, 2617286347, 1277712973, 995505797, 1955069952, 3124883765, 2981691459, 4008915158, 3566274554, 4194697224, 447470123, 451445554, 3470089457, 2248200275, 940483484, 61, 31, 81, 0, 2647964057, 507248718, 3751673999, 1101001094, 248987030, 4008192275, 3381580359, 2650881594, 13689088, 2941912064, 3387540770, 1638371840, 1011955681, 1173319517, 1241537534, 3230905023, 15284176, 0, 81, 0, 4122510286, 3909129283, 2999684864, 1465468672),
   (4224026994, 2023410198, 2617286347, 1277712973, 995505797, 1955069952, 3124883765, 2981691459, 4008915158, 3566274554, 4194697224, 447470123, 451445554, 3470089457, 2248200275, 940483484, 61, 31, 81, 0, 2647964057, 507248718, 3751673999, 1101001094, 248987030, 4008192275, 3381580359, 2650881594, 13689088, 2941912064, 3387540770, 1638371840, 1011955681, 1173319517, 1241537534, 3230905023, 15284176, 0, 81, 0, 4122510286, 3909129283, 2999684864, 1465468672, 1361051897, 1070189528, 2992761462, 2207336329, 4144000768, 3590348275, 2976110363, 593650784, 3210754097, 3729097097, 2209259363, 327758848, 15260976, 0, 81, 0, 708437130, 3529434830, 3494658391, 11728855),
   (2647964057, 507248718, 3751673999, 1101001094, 248987030, 4008192275, 3381580359, 2650881594, 13689088, 2941912064, 3387540770, 1638371840, 1011955681, 1173319517, 1241537534, 3230905023, 15284176, 0, 81, 0, 4122510286, 3909129283, 2999684864, 1465468672, 1361051897, 1070189528, 2992761462, 2207336329, 4144000768, 3590348275, 2976110363, 593650784, 3210754097, 3729097097, 2209259363, 327758848, 15260976, 0, 81, 0, 708437130, 3529434830, 3494658391, 11728855, 3992992948, 1494456050, 1159046466, 1406078541, 3349739168, 1539675754, 13195136, 1927420826, 2642955471, 1621317168, 3302162618, 3870750792, 53, 24, 81, 0, 1929328745, 939434808, 2133368665, 2986361576),
   (4122510286, 3909129283, 2999684864, 1465468672, 1361051897, 1070189528, 2992761462, 2207336329, 4144000768, 3590348275, 2976110363, 593650784, 3210754097, 3729097097, 2209259363, 327758848, 15260976, 0, 81, 0, 708437130, 3529434830, 3494658391, 11728855, 3992992948, 1494456050, 1159046466, 1406078541, 3349739168, 1539675754, 13195136, 1927420826, 2642955471, 1621317168, 3302162618, 3870750792, 53, 24, 81, 0, 1929328745, 939434808, 2133368665, 2986361576, 2231832181, 3626542345, 4088813014, 2762492010, 707662235, 135569859, 1931739157, 3867275520, 1614633545, 1996335872, 920574964, 1828731273, 15259888, 0, 81, 0, 1966619411, 1684831337, 593162567, 4148297946),
   (708437130, 3529434830, 3494658391, 11728855, 3992992948, 1494456050, 1159046466, 1406078541, 3349739168, 1539675754, 13195136, 1927420826, 2642955471, 1621317168, 3302162618, 3870750792, 53, 24, 81, 0, 1929328745, 939434808, 2133368665, 2986361576, 2231832181, 3626542345, 4088813014, 2762492010, 707662235, 135569859, 1931739157, 3867275520, 1614633545, 1996335872, 920574964, 1828731273, 15259888, 0, 81, 0, 1966619411, 1684831337, 593162567, 4148297946, 2613979831, 3602015790, 838504823, 1085014150, 3985561081, 1699425, 135067665, 985800091, 2836596960, 1442756851, 1551783764, 2417597328, 15274560, 0, 81, 0, 557241166, 4112885641, 2722989568, 3622361600),
   (1929328745, 939434808, 2133368665, 2986361576, 2231832181, 3626542345, 4088813014, 2762492010, 707662235, 135569859, 1931739157, 3867275520, 1614633545, 1996335872, 920574964, 1828731273, 15259888, 0, 81, 0, 1966619411, 1684831337, 593162567, 4148297946, 2613979831, 3602015790, 838504823, 1085014150, 3985561081, 1699425, 135067665, 985800091, 2836596960, 1442756851, 1551783764, 2417597328, 15274560, 0, 81, 0, 557241166, 4112885641, 2722989568, 3622361600, 292946064, 2752994219, 393281536, 3549905047, 1002400843, 3540023042, 1946166988, 3560239523, 316403399, 1694506024, 3405810973, 3317206016, 240, 0, 81, 0, 149752904, 2898580770, 2117799505, 4001733393),
   (1966619411, 1684831337, 593162567, 4148297946, 2613979831, 3602015790, 838504823, 1085014150, 3985561081, 1699425, 135067665, 985800091, 2836596960, 1442756851, 1551783764, 2417597328, 15274560, 0, 81, 0, 557241166, 4112885641, 2722989568, 3622361600, 292946064, 2752994219, 393281536, 3549905047, 1002400843, 3540023042, 1946166988, 3560239523, 316403399, 1694506024, 3405810973, 3317206016, 240, 0, 81, 0, 149752904, 2898580770, 2117799505, 4001733393, 826932, 939587952, 448484068, 1662240457, 1993416404, 3262837741, 393432692, 3862305374, 1509984183, 3532095057, 4026574992, 2460268262, 15238144, 0, 81, 0, 1711293214, 2868463523, 1498863392, 511606),
   (557241166, 4112885641, 2722989568, 3622361600, 292946064, 2752994219, 393281536, 3549905047, 1002400843, 3540023042, 1946166988, 3560239523, 316403399, 1694506024, 3405810973, 3317206016, 240, 0, 81, 0, 149752904, 2898580770, 2117799505, 4001733393, 826932, 939587952, 448484068, 1662240457, 1993416404, 3262837741, 393432692, 3862305374, 1509984183, 3532095057, 4026574992, 2460268262, 15238144, 0, 81, 0, 1711293214, 2868463523, 1498863392, 511606, 201326596, 12638126, 9754832, 1342236986, 1081788329, 4142168320, 2991558310, 2788942472, 181289163, 1636512087, 2483581251, 1566383648, 15243504, 0, 81, 0, 2570048736, 875179207, 2318810368, 1007561216),
   
  type key is array(0 to 63) of integer;
  constant answer_key : key :=
  ( 0, 1572882, 1310740, 3670035, 65564, 4128789, 1376268, 1310737, 7, 2490394, 1048598, 3932196, 1376276, 1114139, 2621464, 1376280, 8, 1048596, 2621474, 4128792, 7, 1, 1376267, 1310754, 2293771, 2883599, 14, 3670034, 31, 655383, 3670045, 1376270, 2031639, 1703959, 4128793, 1376265, 2621464, 1572887, 3014675, 983066, 2883600, 3866645, 2097182, 22, 4128777, 1310731, 524306, 458774, 3866644, 2818075, 3801109, 393258, 28, 393242, 13, 1572881, 2293773, 1703954, 65556, 4128784, 3538961, 1900572, 1638426, 8 );
