  type t_2d_a is array(0 to 63, 0 to 63) of integer range 0 to 255;
  constant input_key : t_2d_a :=
  ((211, 0, 16777216, 0, 11468800, 0, 0, 0, 3801088, 6946816, 8323072, 0, 0, 0, 0, 70, 0, 0, 81, 0, 0, 59, 0, 48896, 0, 2181077504, 0, 3070230528, 0, 2304, 0, 3640655872, 1191182336, 0, 9633792, 0, 0, 0, 81, 0, 0, 2365587456, 15663104, 0, 0, 0, 0, 0, 0, 0, 0, 61184, 0, 0, 0, 0, 0, 0, 81, 0, 3539992576, 0, 0, 0),
   (0, 59, 0, 48896, 0, 2181077504, 0, 3070230528, 0, 2304, 0, 3640655872, 1191182336, 0, 9633792, 0, 0, 0, 81, 0, 0, 2365587456, 15663104, 0, 0, 0, 0, 0, 0, 0, 0, 61184, 0, 0, 0, 0, 0, 0, 81, 0, 3539992576, 0, 0, 0, 0, 64055, 251658240, 18688, 0, 4060086342, 0, 0, 0, 0, 0, 0, 0, 0, 81, 0, 36096, 0, 0, 0),
   (0, 2365587456, 15663104, 0, 0, 0, 0, 0, 0, 0, 0, 61184, 0, 0, 0, 0, 0, 0, 81, 0, 3539992576, 0, 0, 0, 0, 64055, 251658240, 18688, 0, 4060086342, 0, 0, 0, 0, 0, 0, 0, 0, 81, 0, 36096, 0, 0, 0, 0, 40960, 0, 0, 0, 0, 0, 15722240, 10878976, 0, 0, 0, 0, 0, 81, 0, 0, 0, 0, 0),
   (3539992576, 0, 0, 0, 0, 64055, 251658240, 18688, 0, 4060086342, 0, 0, 0, 0, 0, 0, 0, 0, 81, 0, 36096, 0, 0, 0, 0, 40960, 0, 0, 0, 0, 0, 15722240, 10878976, 0, 0, 0, 0, 0, 81, 0, 0, 0, 0, 0, 0, 2936012800, 244, 0, 0, 0, 35328, 0, 60416, 4110417920, 0, 26, 0, 0, 81, 0, 0, 0, 10485950, 0),
   (36096, 0, 0, 0, 0, 40960, 0, 0, 0, 0, 0, 15722240, 10878976, 0, 0, 0, 0, 0, 81, 0, 0, 0, 0, 0, 0, 2936012800, 244, 0, 0, 0, 35328, 0, 60416, 4110417920, 0, 26, 0, 0, 81, 0, 0, 0, 10485950, 0, 51, 4352, 570425344, 0, 3582377984, 3875536896, 0, 0, 0, 6619136, 0, 0, 0, 0, 81, 0, 3866624, 0, 18432, 0),
   (0, 0, 0, 0, 0, 2936012800, 244, 0, 0, 0, 35328, 0, 60416, 4110417920, 0, 26, 0, 0, 81, 0, 0, 0, 10485950, 0, 51, 4352, 570425344, 0, 3582377984, 3875536896, 0, 0, 0, 6619136, 0, 0, 0, 0, 81, 0, 3866624, 0, 18432, 0, 3120562182, 0, 10850816, 0, 50331648, 0, 2290024448, 1048576, 0, 0, 0, 6160384, 0, 0, 81, 0, 16777216, 0, 0, 3070233856),
   (0, 0, 10485950, 0, 51, 4352, 570425344, 0, 3582377984, 3875536896, 0, 0, 0, 6619136, 0, 0, 0, 0, 81, 0, 3866624, 0, 18432, 0, 3120562182, 0, 10850816, 0, 50331648, 0, 2290024448, 1048576, 0, 0, 0, 6160384, 0, 0, 81, 0, 16777216, 0, 0, 3070233856, 0, 0, 1610612866, 0, 0, 0, 0, 0, 0, 0, 1996488877, 0, 0, 0, 81, 0, 61184, 40960, 0, 172),
   (3866624, 0, 18432, 0, 3120562182, 0, 10850816, 0, 50331648, 0, 2290024448, 1048576, 0, 0, 0, 6160384, 0, 0, 81, 0, 16777216, 0, 0, 3070233856, 0, 0, 1610612866, 0, 0, 0, 0, 0, 0, 0, 1996488877, 0, 0, 0, 81, 0, 61184, 40960, 0, 172, 0, 2650800128, 0, 0, 0, 0, 0, 53760, 27392, 0, 0, 42, 0, 0, 81, 0, 0, 72, 0, 0),
   (16777216, 0, 0, 3070233856, 0, 0, 1610612866, 0, 0, 0, 0, 0, 0, 0, 1996488877, 0, 0, 0, 81, 0, 61184, 40960, 0, 172, 0, 2650800128, 0, 0, 0, 0, 0, 53760, 27392, 0, 0, 42, 0, 0, 81, 0, 0, 72, 0, 0, 0, 45, 603979900, 0, 24064, 0, 0, 0, 0, 469762048, 0, 0, 0, 0, 81, 0, 0, 48640, 0, 0),
   (61184, 40960, 0, 172, 0, 2650800128, 0, 0, 0, 0, 0, 53760, 27392, 0, 0, 42, 0, 0, 81, 0, 0, 72, 0, 0, 0, 45, 603979900, 0, 24064, 0, 0, 0, 0, 469762048, 0, 0, 0, 0, 81, 0, 0, 48640, 0, 0, 0, 0, 0, 0, 0, 0, 0, 0, 0, 0, 193, 0, 0, 0, 81, 0, 0, 0, 3070230528, 131),
   (0, 72, 0, 0, 0, 45, 603979900, 0, 24064, 0, 0, 0, 0, 469762048, 0, 0, 0, 0, 81, 0, 0, 48640, 0, 0, 0, 0, 0, 0, 0, 0, 0, 0, 0, 0, 193, 0, 0, 0, 81, 0, 0, 0, 3070230528, 131, 0, 1023410176, 0, 0, 0, 0, 16711680, 0, 14811136, 0, 29, 0, 0, 0, 81, 0, 0, 0, 0, 0),
   (0, 48640, 0, 0, 0, 0, 0, 0, 0, 0, 0, 0, 0, 0, 193, 0, 0, 0, 81, 0, 0, 0, 3070230528, 131, 0, 1023410176, 0, 0, 0, 0, 16711680, 0, 14811136, 0, 29, 0, 0, 0, 81, 0, 0, 0, 0, 0, 0, 249, 0, 0, 165, 0, 0, 9175040, 0, 14876672, 0, 2852126720, 0, 0, 81, 0, 12517376, 0, 218103808, 0),
   (0, 0, 3070230528, 131, 0, 1023410176, 0, 0, 0, 0, 16711680, 0, 14811136, 0, 29, 0, 0, 0, 81, 0, 0, 0, 0, 0, 0, 249, 0, 0, 165, 0, 0, 9175040, 0, 14876672, 0, 2852126720, 0, 0, 81, 0, 12517376, 0, 218103808, 0, 0, 3607101440, 0, 0, 207, 13981184, 0, 0, 7864320, 0, 0, 0, 0, 0, 81, 0, 0, 0, 11272192, 2197815296),
   (0, 0, 0, 0, 0, 249, 0, 0, 165, 0, 0, 9175040, 0, 14876672, 0, 2852126720, 0, 0, 81, 0, 12517376, 0, 218103808, 0, 0, 3607101440, 0, 0, 207, 13981184, 0, 0, 7864320, 0, 0, 0, 0, 0, 81, 0, 0, 0, 11272192, 2197815296, 0, 58, 2475032576, 2304, 0, 0, 0, 58756, 0, 7936, 67, 4063232, 0, 0, 81, 0, 0, 186, 0, 0),
   (12517376, 0, 218103808, 0, 0, 3607101440, 0, 0, 207, 13981184, 0, 0, 7864320, 0, 0, 0, 0, 0, 81, 0, 0, 0, 11272192, 2197815296, 0, 58, 2475032576, 2304, 0, 0, 0, 58756, 0, 7936, 67, 4063232, 0, 0, 81, 0, 0, 186, 0, 0, 0, 2650800128, 0, 11264, 0, 0, 0, 0, 0, 0, 0, 0, 0, 0, 81, 0, 2936012800, 0, 0, 0),
   (0, 0, 11272192, 2197815296, 0, 58, 2475032576, 2304, 0, 0, 0, 58756, 0, 7936, 67, 4063232, 0, 0, 81, 0, 0, 186, 0, 0, 0, 2650800128, 0, 11264, 0, 0, 0, 0, 0, 0, 0, 0, 0, 0, 81, 0, 2936012800, 0, 0, 0, 0, 10240, 0, 52569, 0, 0, 4093640704, 2197815296, 3841982464, 0, 0, 0, 0, 0, 81, 0, 0, 0, 0, 0),
   
  type key is array(0 to 63) of integer;
  constant answer_key : key :=
  ( 0, 2490477, 590175, 1572950, 1442074, 4128864, 1572969, 1245346, 1, 4128880, 1572971, 393511, 524472, 2949438, 524302, 1966248, 1966283, 1441954, 1835315, 393372, 1507556, 3670207, 393338, 196749, 2162759, 3473597, 3342584, 524419, 2490656, 1376565, 196767, 1573032, 458917, 58, 655561, 1573021, 196936, 106, 917604, 196764, 2752738, 127, 1769675, 4063481, 1769649, 458930, 590146, 3211527, 2490534, 917638, 590043, 2228466, 655495, 1769658, 983239, 2162904, 524408, 65792, 1376573, 1573024, 2687247, 983270, 2293974, 70 );
