  type t_2d_a is array(0 to 63, 0 to 63) of integer range 0 to 255;
  constant input_key : t_2d_a :=
  ((14221362, 0, 3623930368, 0, 3375104000, 1024, 0, 35584, 3106048, 8192000, 6247878, 0, 53760, 56576, 0, 49927, 0, 0, 81, 0, 190, 13762560, 8126464, 1241553152, 2960064512, 65, 3269459968, 45312, 3287220224, 2667577344, 40448, 1754599, 56832, 14873, 185, 1911554048, 26, 79, 209, 0, 940805176, 32550, 29649808, 0, 44, 107, 46, 5, 61, 19, 62, 147, 64, 0, 48, 0, 29652336, 0, 9, 85, 20, 10, 21, 51),
   (3640720896, 2852126870, 0, 10240, 22528, 2466264576, 0, 2583691264, 8417792, 16640, 2795963904, 100663296, 1089273856, 0, 10616832, 3079602406, 0, 0, 81, 0, 838860800, 1258291200, 253, 2231432894, 60160, 7973449, 117440512, 22528, 59, 3556769820, 7680, 3701211136, 5177344, 0, 15943, 1610631936, 0, 0, 145, 0, 3, 235, 1, 88, 5, 216, 13, 93, 30, 253, 31, 121, 41, 77, 42, 137, 43, 9, 46, 52, 47, 15, 51, 238),
   (16646144, 202768384, 9240576, 2432726784, 6488064, 12559616, 2310471680, 0, 86, 0, 789250048, 1926656, 0, 0, 1066205184, 0, 0, 0, 81, 0, 0, 2228224, 1157675264, 0, 15300864, 13594, 1109328088, 3724585984, 0, 40, 23854, 4890806, 0, 63678, 9109504, 1110117888, 4, 112, 65, 0, 29656240, 0, 29656880, 0, 32, 151, 33, 27, 36, 105, 39, 111, 64, 0, 80, 0, 5632, 100, 1507328, 5898450, 55296, 1577058556, 2315256033, 15650),
   (838860800, 1258291200, 253, 2231432894, 60160, 7973449, 117440512, 22528, 59, 3556769820, 7680, 3701211136, 5177344, 0, 15943, 1610631936, 0, 0, 145, 0, 3, 235, 1, 88, 5, 216, 13, 93, 30, 253, 31, 121, 41, 77, 42, 137, 43, 9, 46, 52, 47, 15, 51, 238, 52, 29, 55, 109, 28, 39, 49, 252, 0, 0, 81, 0, 3388997632, 113, 134217895, 0, 0, 61677, 3841982688, 185),
   (11144267, 0, 15794176, 12774144, 0, 40192, 0, 0, 2475753472, 0, 2885700352, 1981337088, 6750208, 28928, 7340032, 0, 0, 0, 81, 0, 0, 3260678226, 0, 15616, 436231424, 6422763, 0, 167772160, 3932403, 0, 1900544, 15073280, 0, 2404319232, 1677736192, 4278190080, 0, 0, 81, 0, 36096, 4044861440, 0, 41084, 0, 855638016, 2970880, 0, 11599872, 0, 0, 2147538190, 20271, 79, 0, 123, 0, 0, 81, 0, 0, 0, 0, 0),
   (5632, 100, 1507328, 5898450, 55296, 1577058556, 2315256033, 15650, 3540208896, 61, 56064, 7929856, 55296, 1509949440, 0, 9371893, 0, 0, 289, 0, 3, 212, 6, 156, 15, 159, 25, 133, 26, 6, 11, 161, 20, 43, 30, 101, 42, 192, 48, 7, 56, 64, 61, 182, 39, 177, 41, 148, 53, 100, 57, 105, 58, 58, 62, 251, 29656384, 0, 29650656, 0, 17, 83, 18, 238),
   (0, 0, 11534349, 0, 42, 48128, 2214592512, 0, 2165160375, 2633957406, 3841982464, 0, 755004416, 985530368, 98, 0, 0, 0, 81, 0, 16646144, 202768384, 9240576, 2432726784, 6488064, 12559616, 2310471680, 0, 86, 0, 789250048, 1926656, 0, 0, 1066205184, 0, 0, 0, 81, 0, 0, 2228224, 1157675264, 0, 15300864, 13594, 1109328088, 3724585984, 0, 40, 23854, 4890806, 0, 63678, 9109504, 1110117888, 4, 112, 65, 0, 29656240, 0, 29656880, 0),
   (9830400, 6553600, 28928, 458358784, 3103785206, 2550138880, 16600832, 0, 1677721600, 0, 2069742848, 1803683072, 587202560, 0, 0, 1283044, 0, 0, 81, 0, 10092544, 0, 0, 668416, 9984, 65562, 24, 37086, 7680, 12350846, 2214592626, 0, 0, 15335424, 112, 458752, 33, 177, 161, 0, 940805128, 32550, 940805128, 32550, 50, 79, 51, 47, 63, 123, 25, 45, 64, 0, 48, 0, 29650160, 0, 15, 25, 18, 109, 21, 103),
   (3623878656, 0, 2048, 1962946816, 0, 3840, 1342177400, 69, 3228631040, 256, 27964, 5862144, 285212672, 3373596672, 117440767, 55808, 0, 0, 273, 0, 3, 190, 5, 210, 9, 124, 12, 74, 14, 153, 24, 194, 30, 177, 36, 159, 42, 158, 46, 197, 55, 25, 59, 185, 61, 240, 16, 176, 17, 111, 23, 65, 25, 224, 32, 195, 33, 239, 45, 26, 47, 231, 50, 222),
   (36096, 4044861440, 0, 41084, 0, 855638016, 2970880, 0, 11599872, 0, 0, 2147538190, 20271, 79, 0, 123, 0, 0, 81, 0, 0, 0, 0, 0, 0, 4128768, 0, 0, 11663872, 24898, 12908562, 4128768, 11478844, 188, 4127198208, 8126464, 54, 235, 65, 0, 29659536, 0, 29654592, 0, 34, 137, 38, 182, 45, 71, 46, 97, 64, 0, 80, 0, 9633792, 6160536, 3342336, 3053460736, 2365587456, 20557, 11536896, 0),
   (3388997632, 113, 134217895, 0, 0, 61677, 3841982688, 185, 38912, 0, 207093760, 0, 3405774848, 3976200192, 3909091328, 2813329408, 0, 0, 81, 0, 6, 42, 7, 246, 14, 204, 35, 77, 40, 79, 50, 115, 42, 234, 61, 211, 0, 0, 81, 0, 0, 0, 11534349, 0, 42, 48128, 2214592512, 0, 2165160375, 2633957406, 3841982464, 0, 755004416, 985530368, 98, 0, 0, 0, 81, 0, 16646144, 202768384, 9240576, 2432726784),
   (253, 3328, 42752, 0, 0, 0, 218, 49664, 67148288, 2701168896, 452984832, 0, 19, 14483456, 67, 3019898880, 0, 0, 81, 0, 70690218, 2634071048, 251719680, 0, 15073280, 1342177280, 0, 53, 587202560, 22443, 12648456, 122, 3639443968, 0, 2781216768, 16056378, 49, 51, 65, 0, 940805032, 32550, 29660784, 0, 27, 186, 40, 174, 44, 198, 46, 206, 64, 0, 80, 0, 0, 10998, 0, 52224, 0, 0, 0, 0),
   (37253, 27, 1962934272, 74, 0, 3064397919, 0, 0, 0, 5701632, 9175170, 939524130, 11665408, 16315, 99, 16515072, 0, 0, 129, 0, 940805096, 32550, 940805096, 32550, 32, 0, 32, 0, 29648224, 0, 0, 0, 0, 0, 33, 0, 940804984, 32550, 29650736, 0, 96, 0, 32, 0, 29648752, 0, 0, 0, 128, 0, 80, 0, 0, 14745600, 2013323482, 32512, 12189696, 0, 0, 402653400, 0, 1257, 48896, 1948450855),
   (0, 3260678226, 0, 15616, 436231424, 6422763, 0, 167772160, 3932403, 0, 1900544, 15073280, 0, 2404319232, 1677736192, 4278190080, 0, 0, 81, 0, 36096, 4044861440, 0, 41084, 0, 855638016, 2970880, 0, 11599872, 0, 0, 2147538190, 20271, 79, 0, 123, 0, 0, 81, 0, 0, 0, 0, 0, 0, 4128768, 0, 0, 11663872, 24898, 12908562, 4128768, 11478844, 188, 4127198208, 8126464, 54, 235, 65, 0, 29659536, 0, 29654592, 0),
   (2652150, 3942645760, 832569344, 3997849, 1048780, 486539264, 28543, 855638016, 178, 8923648, 110, 1269, 9306112, 0, 5048064, 262346, 0, 0, 273, 0, 1, 150, 5, 100, 10, 113, 12, 27, 13, 82, 19, 246, 22, 8, 25, 253, 26, 79, 32, 100, 40, 123, 41, 93, 44, 107, 46, 5, 61, 19, 62, 147, 16, 185, 20, 152, 42, 197, 45, 130, 48, 35, 63, 228),
   (190, 13762560, 8126464, 1241553152, 2960064512, 65, 3269459968, 45312, 3287220224, 2667577344, 40448, 1754599, 56832, 14873, 185, 1911554048, 26, 79, 209, 0, 940805176, 32550, 29649808, 0, 44, 107, 46, 5, 61, 19, 62, 147, 64, 0, 48, 0, 29652336, 0, 9, 85, 20, 10, 21, 51, 0, 0, 97, 0, 29650384, 0, 29652768, 0, 8, 192, 22, 35, 0, 0, 49, 0, 29648656, 0, 29651472, 0),
   
  type key is array(0 to 63) of integer;
  constant answer_key : key :=
  ( 0, 2752564, 2949192, 1572880, 2949187, 2162738, 720943, 1441804, 1441811, 3080242, 524315, 3342370, 458791, 1835050, 3014677, 2949189, 852036, 917541, 2818069, 393305, 1703980, 1835041, 4, 1835066, 4128777, 2031703, 2228258, 2490392, 3997728, 2818078, 3014691, 4063288, 720934, 47, 3014678, 2490410, 1703976, 3801125, 524308, 196652, 655399, 852039, 196654, 1441804, 65594, 3473451, 458769, 1179684, 524324, 3866685, 1900613, 2818063, 1179698, 1572899, 1310773, 1507403, 524314, 2883654, 917532, 3014694, 4128828, 917529, 3866666, 7 );
