  type t_2d_a is array(0 to 63, 0 to 63) of integer range 0 to 255;
  constant input_key : t_2d_a :=
  ((    0,    23,     0,   133,     0,   200,     0,     0,    59,     4,   185,   226,    40,    60,    79,    89,   184,   191,   231,    48,    69,   136,   151,     0,    26,   101,     0,   221,   135,    70,   255,     9,     0,   135,    28,     0,     0,   237,     0,     0,    22,   167,   192,   108,     0,    24,    78,     0,   228,   137,    59,     0,     0,     0,   254,     0,     0,   250,     0,    93,    67,     0,   144,    83),
   (   23,     0,   224,    11,    30,     0,     0,   206,     0,   169,   123,     0,    86,     0,     6,     0,   207,     0,    24,     0,   143,    67,    32,     0,     0,     0,     0,     0,   191,   160,   126,   168,   153,   229,   100,   107,    80,   241,   163,     0,   192,    60,   146,    18,   140,     0,   254,     0,   169,   239,   231,     0,   238,     0,   248,   117,   222,   128,    47,     0,   116,   174,     0,   151),
   (    0,   224,     0,     0,   220,   221,   229,     0,     0,   204,    80,   151,   191,     0,    38,     0,   112,   215,     0,   227,    73,     5,   240,   137,   100,     2,     0,    15,     0,   112,   164,   123,   227,   237,   109,    41,   191,     0,     0,   210,    16,   213,     0,    56,     0,   169,   168,    91,   155,     0,   186,   127,   124,   186,   205,   234,   123,    91,   191,     0,    35,   226,     0,     0),
   (  133,    11,     0,     0,   244,     0,     0,     0,   117,    79,    71,   203,   166,   249,    46,   206,     0,   203,   253,     0,   100,    92,     4,   198,    88,   182,     0,   218,   134,     0,    84,     0,     0,    11,     0,   211,     1,     0,     5,   232,     0,     0,    14,     0,   177,   173,    55,     0,     0,    45,    61,    23,    96,   116,    51,     0,   234,     0,   109,   220,    31,     0,   217,     0),
   (    0,    30,   220,   244,     0,     0,    78,     0,   186,   163,   170,   107,     0,   163,   159,   136,   216,     0,    61,     0,   191,    93,    92,   215,     0,     0,     0,    77,   146,     0,   126,     0,   183,   222,    45,     0,   174,   187,     0,     0,   143,   154,   224,    50,   207,    16,   192,     0,   115,   179,     0,   232,   108,   201,   188,    64,     0,    51,   178,     0,    47,   169,    84,   137),
   (  200,     0,   221,     0,     0,     0,    78,    94,   224,   213,   249,     0,   233,   152,    73,   139,   251,     0,   117,   156,   176,   119,     0,   210,   241,   180,    34,   169,    73,     0,   197,     2,   217,    42,   245,    35,    58,     0,     0,    37,    97,     0,   157,    17,   192,   228,     0,     0,     0,    28,   154,   171,   217,   196,     0,     0,    37,     0,   108,   193,     0,   195,   154,   103),
   (    0,     0,   229,     0,    78,    78,     0,   163,     0,     3,     0,   111,   159,   150,    18,     0,    64,    66,     0,    25,    55,     0,   113,     0,   183,     0,   162,     0,     0,     0,     0,   191,   183,   108,   104,    17,    74,    92,     0,   123,   143,     0,     0,    32,     0,     2,   105,     0,   215,     0,    84,     0,    94,    48,   228,     0,     0,   225,     0,    20,    71,   209,    43,     0),
   (    0,   206,     0,     0,     0,    94,   163,     0,   219,    66,   248,     0,    97,   208,     0,    32,   228,   159,   199,   212,   211,   218,   172,   161,     0,   182,   122,   225,   161,     0,    48,   207,   141,     0,   174,    37,   159,   148,   217,     3,   249,    28,   103,   201,   171,   132,     2,    24,    58,   201,    66,     0,   189,     0,     0,     0,     0,   142,   160,    92,   147,    97,   147,    22),
   (   59,     0,     0,   117,   186,   224,     0,   219,     0,   201,   157,     0,    20,   102,    67,   240,   144,   168,    56,     0,    25,   218,    24,     0,   158,     0,     0,     1,     3,     0,    76,   235,   132,    15,   217,     0,     0,   137,    88,     0,     0,   158,   222,    27,    47,   119,   238,    96,    62,   122,   226,     0,   239,   156,   198,     0,   167,    81,     0,     2,     0,     0,   223,     3),
   (    4,   169,   204,    79,   163,   213,     3,    66,   201,     0,     0,     0,    34,     0,   117,   118,     6,     1,     0,   214,   128,    13,     0,     0,   105,    90,   152,   196,     0,     0,     0,    72,   179,    30,     0,     0,     0,   229,    89,   100,   228,   154,     0,   198,    21,   230,   140,   152,    40,   226,   165,   188,     0,    24,   186,   140,     0,     0,   145,   213,    36,     0,     0,   159),
   (  185,   123,    80,    71,   170,   249,     0,   248,   157,     0,     0,   131,   205,   101,    85,   140,     0,     0,   247,   189,     0,   250,    67,   137,   175,   142,     0,   193,    68,     0,   120,   165,     0,    72,    85,     0,    26,   240,    23,     0,   206,   140,   250,     0,    32,     2,     0,     0,    57,   118,   158,     0,   234,     0,    95,     0,   227,     0,   120,   186,   153,    23,   223,   186),
   (  226,     0,   151,   203,   107,     0,   111,     0,     0,     0,   131,     0,     0,    68,   201,     0,     0,     0,     0,   164,   226,   176,    50,   116,   170,     0,     0,    32,   117,     0,    98,   197,    98,     0,   116,     0,   187,     0,    48,     0,   130,     0,    64,     0,     0,    88,    46,   104,    90,   224,    42,   240,     0,    18,     0,    78,   184,   233,     3,   228,   114,   156,     0,     0),
   (   40,    86,   191,   166,     0,   233,   159,    97,    20,    34,   205,     0,     0,     0,     0,   187,   120,     0,   157,   216,    32,    33,    42,   182,   132,   155,     0,   150,     0,     0,    40,    80,   207,    84,   176,     0,     0,    11,    12,   129,     0,   211,   103,   244,   225,     0,     0,    10,   191,   145,   124,    70,    35,   112,   109,   145,     0,   158,     0,    23,   244,   248,     0,   123),
   (   60,     0,     0,   249,   163,   152,   150,   208,   102,     0,   101,    68,     0,     0,   137,    94,    88,    30,    55,     0,   184,   164,    83,   255,    33,   242,   177,     0,   200,     3,     0,    63,   209,    66,     0,   187,    55,     0,     8,   106,     0,   238,     0,     0,     0,    67,   241,     0,   203,    48,   207,   200,   102,   127,    52,     0,    69,    28,    31,   220,    14,     0,     0,     0),
   (   79,     6,    38,    46,   159,    73,    18,     0,    67,   117,    85,   201,     0,   137,     0,   155,     0,   254,     4,   214,    83,    24,     0,   136,    81,     3,   105,   228,   169,    81,     0,    33,     0,     0,   227,   159,     0,    85,    35,    12,   136,   203,     0,     4,   171,    21,    15,   198,   181,   162,     0,    76,   176,   129,   105,   252,     0,   154,   184,     0,     0,   140,   135,   223),
   (   89,     0,     0,   206,   136,   139,     0,    32,   240,   118,   140,     0,   187,    94,   155,     0,    62,   162,     0,     0,     0,   209,     0,    35,   184,    44,     0,     0,     0,   107,   218,    89,   237,   126,    82,   210,   132,     0,     0,     0,    53,     0,   135,     0,     0,    36,   176,   131,     0,     0,   116,   202,   213,     0,   179,    97,    63,     0,     0,   203,   114,    26,   112,     0),
   (  184,   207,   112,     0,   216,   251,    64,   228,   144,     6,     0,     0,   120,    88,     0,    62,     0,     0,   120,    41,    86,     0,   217,   172,   178,     9,   134,   174,   144,     0,   142,    70,   167,   204,     0,   108,     0,   175,    81,     0,     0,   234,   155,    45,   204,    94,   194,    36,     0,     0,    80,     0,     0,   140,   166,   115,   204,     0,   130,   156,   121,     9,   193,     0),
   (  191,     0,   215,   203,     0,     0,    66,   159,   168,     1,     0,     0,     0,    30,   254,   162,     0,     0,     0,   120,     0,     0,   149,    78,     0,     0,     0,     7,   242,     0,   133,   144,    34,   190,     5,    19,   209,   153,    72,     0,   161,    40,   115,   178,    56,   107,    93,     0,   116,   180,    51,   120,   215,     0,   161,    96,   162,   228,   240,   117,     0,    36,   121,     0),
   (  231,    24,     0,   253,    61,   117,     0,   199,    56,     0,   247,     0,   157,    55,     4,     0,   120,     0,     0,     0,     0,   159,    97,     0,   132,     0,     0,     0,   180,     0,    12,   186,   220,   208,    74,    47,    71,     0,     0,     0,     0,    91,    18,    72,     0,     0,   131,   189,    99,   208,     0,    68,   234,   192,    57,     3,     0,   176,     0,   189,   243,   194,   170,    40),
   (   48,     0,   227,     0,     0,   156,    25,   212,     0,   214,   189,   164,   216,     0,   214,     0,    41,   120,     0,     0,     3,     0,    98,   215,     0,     0,   251,    84,     0,   168,    70,    43,     0,   151,   219,     2,   150,   233,    91,    55,    45,    38,   165,     0,   234,     0,     2,   225,     0,     0,   100,   159,     0,   109,    31,    37,   145,   103,    68,     0,     0,     9,   103,   181),
   (   69,   143,    73,   100,   191,   176,    55,   211,    25,   128,     0,   226,    32,   184,    83,     0,    86,     0,     0,     3,     0,   197,    85,     1,     0,   191,    13,   243,     0,     0,     0,     0,    85,   108,   111,     0,   123,     0,     0,   229,    66,     0,    41,    38,     0,     0,     6,   214,    33,    96,     0,     0,     0,   201,    30,     0,   223,     0,   134,     0,   135,   255,     0,    16),
   (  136,    67,     5,    92,    93,   119,     0,   218,   218,    13,   250,   176,    33,   164,    24,   209,     0,     0,   159,     0,   197,     0,   122,    45,   204,    32,     5,     0,   212,   213,   119,    25,    85,     0,   138,   246,    54,     0,   227,    24,     0,    18,     0,    28,     4,     0,   120,     0,   198,    48,   225,    78,     0,   112,   185,   122,    65,   242,   241,   146,     0,   204,     0,    54),
   (  151,    32,   240,     4,    92,     0,   113,   172,    24,     0,    67,    50,    42,    83,     0,     0,   217,   149,    97,    98,    85,   122,     0,     0,     0,    62,    72,     0,   151,   245,     0,    55,   213,   243,     0,   101,     0,     0,   148,   107,   238,    33,    54,    92,    23,     0,    92,    53,   187,   120,    70,     0,   119,    24,   214,     0,    69,    66,    34,     0,    97,    32,    26,    69),
   (    0,     0,   137,   198,   215,   210,     0,   161,     0,     0,   137,   116,   182,   255,   136,    35,   172,    78,     0,   215,     1,    45,     0,     0,   216,    27,   187,     0,   248,   134,   125,   162,    27,   233,   192,     0,     0,   136,   185,    70,    52,   193,     0,   143,   160,   160,     0,   176,    58,     0,     0,    24,     0,    72,   226,    22,   103,   100,   218,   209,     0,   157,    85,    98),
   (   26,     0,   100,    88,     0,   241,   183,     0,   158,   105,   175,   170,   132,    33,    81,   184,   178,     0,   132,     0,     0,   204,     0,   216,     0,   200,     0,   116,    69,    28,    47,   126,    29,    19,     0,    86,   182,     0,   253,   174,   188,   251,   142,   152,     0,     0,     6,     8,    33,     0,    47,     0,    98,   193,     0,    29,   138,     0,   212,   225,     0,   128,   211,   240),
   (  101,     0,     2,   182,     0,   180,     0,   182,     0,    90,   142,     0,   155,   242,     3,    44,     9,     0,     0,     0,   191,    32,    62,    27,   200,     0,    50,   245,    32,     0,   172,   136,   115,   143,   193,    96,   198,   151,     0,     0,   230,   230,   138,   222,   254,    54,     0,   115,   118,     0,     0,     0,    92,   221,   136,     0,    16,    67,   218,    19,    39,     0,    58,     0),
   (    0,     0,     0,     0,     0,    34,   162,   122,     0,   152,     0,     0,     0,   177,   105,     0,   134,     0,     0,   251,    13,     5,    72,   187,     0,    50,     0,   226,     0,     0,     0,   210,    54,     0,    69,    48,   115,     0,   126,   177,    54,     0,   168,   252,   170,   115,    58,   221,     7,    15,   167,    45,   243,    84,     0,     0,    18,   215,   192,   240,   150,    96,     0,     0),
   (  221,     0,    15,   218,    77,   169,     0,   225,     1,   196,   193,    32,   150,     0,   228,     0,   174,     7,     0,    84,   243,     0,     0,     0,   116,   245,   226,     0,   224,     0,     0,   117,   143,   133,    89,   128,   169,     0,   189,   139,   193,   152,   136,     0,   111,    25,    82,    24,   236,     2,   241,   247,   246,   218,     0,     0,     0,     2,   211,     0,     0,     0,     0,   202),
   (  135,   191,     0,   134,   146,    73,     0,   161,     3,     0,    68,   117,     0,   200,   169,     0,   144,   242,   180,     0,     0,   212,   151,   248,    69,    32,     0,   224,     0,     0,   116,   132,   236,   177,   235,     0,   172,   155,   240,    74,    34,   197,    28,    33,   139,     0,   197,   143,   168,    68,    68,    15,   102,   161,    10,   185,     0,     0,     0,   110,    80,    27,   108,    46),
   (   70,   160,   112,     0,     0,     0,     0,     0,     0,     0,     0,     0,     0,     3,    81,   107,     0,     0,     0,   168,     0,   213,   245,   134,    28,     0,     0,     0,     0,     0,     0,    46,     0,   184,   109,    34,    96,    89,   174,   220,    79,    66,   176,   125,     0,     7,     0,     0,   146,   199,    67,    49,     0,     0,   255,    56,   237,   247,    24,    66,     0,    39,     0,   107),
   (  255,   126,   164,    84,   126,   197,     0,    48,    76,     0,   120,    98,    40,     0,     0,   218,   142,   133,    12,    70,     0,   119,     0,   125,    47,   172,     0,     0,   116,     0,     0,   218,   194,     0,    67,   116,   211,     8,    85,    39,    73,    43,   118,    62,   200,     0,   199,     0,   229,   198,    59,    51,   118,    67,     0,     0,   195,   238,    16,    66,   117,     0,   212,     0),
   (    9,   168,   123,     0,     0,     2,   191,   207,   235,    72,   165,   197,    80,    63,    33,    89,    70,   144,   186,    43,     0,    25,    55,   162,   126,   136,   210,   117,   132,    46,   218,     0,     0,     0,     0,   107,     0,    58,    94,   161,     0,    72,   139,   170,    38,   255,   211,    38,   223,     0,     0,   150,    62,     0,    90,    33,     0,   133,   253,   129,   197,   206,   210,   142),
   (    0,   153,   227,     0,   183,   217,   183,   141,   132,   179,     0,    98,   207,   209,     0,   237,   167,    34,   220,     0,    85,    85,   213,    27,    29,   115,    54,   143,   236,     0,   194,     0,     0,   145,   244,   151,   185,     0,     0,    27,   165,    61,   239,   152,    80,    95,   101,   132,     0,    23,   118,    74,    85,    96,     0,   229,     0,    78,    98,    43,   118,     6,   226,    16),
   (  135,   229,   237,    11,   222,    42,   108,     0,    15,    30,    72,     0,    84,    66,     0,   126,   204,   190,   208,   151,   108,     0,   243,   233,    19,   143,     0,   133,   177,   184,     0,     0,   145,     0,     0,    89,    61,    81,   109,   117,     0,     0,   101,     0,   241,   154,     0,    65,     0,     0,     0,     0,    44,    15,   230,    18,   228,     4,    56,    20,    34,    11,   120,    51),
   (   28,   100,   109,     0,    45,   245,   104,   174,   217,     0,    85,   116,   176,     0,   227,    82,     0,     5,    74,   219,   111,   138,     0,   192,     0,   193,    69,    89,   235,   109,    67,     0,   244,     0,     0,    94,     0,   211,    36,    53,   195,     0,    39,   158,   178,    80,   228,     0,     0,   101,     0,     8,     0,     0,   162,     0,   249,   135,    18,    56,    70,   122,     0,   209),
   (    0,   107,    41,   211,     0,    35,    17,    37,     0,     0,     0,     0,     0,   187,   159,   210,   108,    19,    47,     2,     0,   246,   101,     0,    86,    96,    48,   128,     0,    34,   116,   107,   151,    89,    94,     0,    37,   210,   128,     2,     1,    37,   130,   122,   237,   237,   138,   197,   209,     0,   251,     0,   204,    60,    99,   183,   158,   108,   160,   109,    43,     0,   114,    70),
   (    0,    80,   191,     1,   174,    58,    74,   159,     0,     0,    26,   187,     0,    55,     0,   132,     0,   209,    71,   150,   123,    54,     0,     0,   182,   198,   115,   169,   172,    96,   211,     0,   185,    61,     0,    37,     0,   227,     0,   165,     0,    93,    77,    59,     0,     0,     0,   186,    18,     0,   109,     0,   201,    17,     0,   126,   167,    58,   162,   137,     8,   184,   122,     0),
   (  237,   241,     0,     0,   187,     0,    92,   148,   137,   229,   240,     0,    11,     0,    85,     0,   175,   153,     0,   233,     0,     0,     0,   136,     0,   151,     0,     0,   155,    89,     8,    58,     0,    81,   211,   210,   227,     0,    98,    52,   156,     0,    47,     0,     0,   237,     0,     0,    74,     0,     0,    93,   187,     0,   133,   108,    12,     0,   124,   171,     0,   173,    70,   232),
   (    0,   163,     0,     5,     0,     0,     0,   217,    88,    89,    23,    48,    12,     8,    35,     0,    81,    72,     0,    91,     0,   227,   148,   185,   253,     0,   126,   189,   240,   174,    85,    94,     0,   109,    36,   128,     0,    98,     0,     0,   165,     0,    88,   134,   245,   200,     0,    64,     5,     0,     0,   168,     0,     0,     0,   120,    51,     0,   202,    17,   145,   249,    34,   237),
   (    0,     0,   210,   232,     0,    37,   123,     3,     0,   100,     0,     0,   129,   106,    12,     0,     0,     0,     0,    55,   229,    24,   107,    70,   174,     0,   177,   139,    74,   220,    39,   161,    27,   117,    53,     2,   165,    52,     0,     0,     0,    25,     0,   176,   138,     0,    70,   245,     0,    25,     0,     0,   108,     0,   124,   243,   172,    50,   177,    97,     0,   239,     0,     0),
   (   22,   192,    16,     0,   143,    97,   143,   249,     0,   228,   206,   130,     0,     0,   136,    53,     0,   161,     0,    45,    66,     0,   238,    52,   188,   230,    54,   193,    34,    79,    73,     0,   165,     0,   195,     1,     0,   156,   165,     0,     0,     0,    75,    54,   187,     0,     0,   234,     0,    57,   204,     0,   101,    58,   198,   214,   150,    98,     0,     0,     0,   153,     0,   198),
   (  167,    60,   213,     0,   154,     0,     0,    28,   158,   154,   140,     0,   211,   238,   203,     0,   234,    40,    91,    38,     0,    18,    33,   193,   251,   230,     0,   152,   197,    66,    43,    72,    61,     0,     0,    37,    93,     0,     0,    25,     0,     0,     0,     0,   162,    99,     3,   103,   224,   218,     0,   184,   176,    86,   223,   174,     0,     0,    54,   122,   232,   211,     0,     0),
   (  192,   146,     0,    14,   224,   157,     0,   103,   222,     0,   250,    64,   103,     0,     0,   135,   155,   115,    18,   165,    41,     0,    54,     0,   142,   138,   168,   136,    28,   176,   118,   139,   239,   101,    39,   130,    77,    47,    88,     0,    75,     0,     0,   179,   219,     0,   160,    39,    36,    82,   245,   252,   126,     0,   234,   230,     0,     0,   151,     0,     0,   222,    30,   136),
   (  108,    18,    56,     0,    50,    17,    32,   201,    27,   198,     0,     0,   244,     0,     4,     0,    45,   178,    72,     0,    38,    28,    92,   143,   152,   222,   252,     0,    33,   125,    62,   170,   152,     0,   158,   122,    59,     0,   134,   176,    54,     0,   179,     0,     0,     0,   144,     0,     0,   105,     4,    99,   114,     0,   190,   156,   236,     0,    89,   161,    61,   243,   117,   221),
   (    0,   140,     0,   177,   207,   192,     0,   171,    47,    21,    32,     0,   225,     0,   171,     0,   204,    56,     0,   234,     0,     4,    23,   160,     0,   254,   170,   111,   139,     0,   200,    38,    80,   241,   178,   237,     0,     0,   245,   138,   187,   162,   219,     0,     0,   135,    84,   205,     0,     0,   228,     0,    97,    61,    97,     0,   158,   121,     0,     0,   196,   119,   153,   212),
   (   24,     0,   169,   173,    16,   228,     2,   132,   119,   230,     2,    88,     0,    67,    21,    36,    94,   107,     0,     0,     0,     0,     0,   160,     0,    54,   115,    25,     0,     7,     0,   255,    95,   154,    80,   237,     0,   237,   200,     0,     0,    99,     0,     0,   135,     0,   246,   136,     0,   253,   239,    94,     0,   228,     0,   238,    18,     0,     0,    32,     0,     0,    36,   135),
   (   78,   254,   168,    55,   192,     0,   105,     2,   238,   140,     0,    46,     0,   241,    15,   176,   194,    93,   131,     2,     6,   120,    92,     0,     6,     0,    58,    82,   197,     0,   199,   211,   101,     0,   228,   138,     0,     0,     0,    70,     0,     3,   160,   144,    84,   246,     0,     0,   175,   233,     9,   115,     0,    92,     0,     0,   188,    34,     0,   169,    77,    80,   191,   149),
   (    0,     0,    91,     0,     0,     0,     0,    24,    96,   152,     0,   104,    10,     0,   198,   131,    36,     0,   189,   225,   214,     0,    53,   176,     8,   115,   221,    24,   143,     0,     0,    38,   132,    65,     0,   197,   186,     0,    64,   245,   234,   103,    39,     0,   205,   136,     0,     0,    94,    96,    65,    28,    72,     0,    53,    78,     0,   242,    64,    41,   106,   130,   225,   210),
   (  228,   169,   155,     0,   115,     0,   215,    58,    62,    40,    57,    90,   191,   203,   181,     0,     0,   116,    99,     0,    33,   198,   187,    58,    33,   118,     7,   236,   168,   146,   229,   223,     0,     0,     0,   209,    18,    74,     5,     0,     0,   224,    36,     0,     0,     0,   175,    94,     0,     0,     0,     0,    95,     7,     0,    87,   224,     0,     0,   248,   170,   251,     0,     0),
   (  137,   239,     0,    45,   179,    28,     0,   201,   122,   226,   118,   224,   145,    48,   162,     0,     0,   180,   208,     0,    96,    48,   120,     0,     0,     0,    15,     2,    68,   199,   198,     0,    23,     0,   101,     0,     0,     0,     0,    25,    57,   218,    82,   105,     0,   253,   233,    96,     0,     0,     0,     0,   220,   125,   217,   140,   141,    44,     0,   106,   130,   187,    17,    12),
   (   59,   231,   186,    61,     0,   154,    84,    66,   226,   165,   158,    42,   124,   207,     0,   116,    80,    51,     0,   100,     0,   225,    70,     0,    47,     0,   167,   241,    68,    67,    59,     0,   118,     0,     0,   251,   109,     0,     0,     0,   204,     0,   245,     4,   228,   239,     9,    65,     0,     0,     0,    24,     0,    87,   215,    33,     0,     0,    67,    23,   127,    68,     0,   154),
   (    0,     0,   127,    23,   232,   171,     0,     0,     0,   188,     0,   240,    70,   200,    76,   202,     0,   120,    68,   159,     0,    78,     0,    24,     0,     0,    45,   247,    15,    49,    51,   150,    74,     0,     8,     0,     0,    93,   168,     0,     0,   184,   252,    99,     0,    94,   115,    28,     0,     0,    24,     0,     0,    69,   207,   232,   125,    65,    93,   185,     0,   255,   163,    57),
   (    0,   238,   124,    96,   108,   217,    94,   189,   239,     0,   234,     0,    35,   102,   176,   213,     0,   215,   234,     0,     0,     0,   119,     0,    98,    92,   243,   246,   102,     0,   118,    62,    85,    44,     0,   204,   201,   187,     0,   108,   101,   176,   126,   114,    97,     0,     0,    72,    95,   220,     0,     0,     0,     2,    23,   133,   154,    18,     0,    34,     0,    20,   137,   198),
   (    0,     0,   186,   116,   201,   196,    48,     0,   156,    24,     0,    18,   112,   127,   129,     0,   140,     0,   192,   109,   201,   112,    24,    72,   193,   221,    84,   218,   161,     0,    67,     0,    96,    15,     0,    60,    17,     0,     0,     0,    58,    86,     0,     0,    61,   228,    92,     0,     7,   125,    87,    69,     2,     0,   132,   219,     0,    90,     5,   209,    90,   209,   132,    41),
   (  254,   248,   205,    51,   188,     0,   228,     0,   198,   186,    95,     0,   109,    52,   105,   179,   166,   161,    57,    31,    30,   185,   214,   226,     0,   136,     0,     0,    10,   255,     0,    90,     0,   230,   162,    99,     0,   133,     0,   124,   198,   223,   234,   190,    97,     0,     0,    53,     0,   217,   215,   207,    23,   132,     0,   139,   147,     0,     0,    69,    55,     0,     0,   228),
   (    0,   117,   234,     0,    64,     0,     0,     0,     0,   140,     0,    78,   145,     0,   252,    97,   115,    96,     3,    37,     0,   122,     0,    22,    29,     0,     0,     0,   185,    56,     0,    33,   229,    18,     0,   183,   126,   108,   120,   243,   214,   174,   230,   156,     0,   238,     0,    78,    87,   140,    33,   232,   133,   219,   139,     0,    75,   115,   136,     0,     0,   141,    76,   217),
   (    0,   222,   123,   234,     0,    37,     0,     0,   167,     0,   227,   184,     0,    69,     0,    63,   204,   162,     0,   145,   223,    65,    69,   103,   138,    16,    18,     0,     0,   237,   195,     0,     0,   228,   249,   158,   167,    12,    51,   172,   150,     0,     0,   236,   158,    18,   188,     0,   224,   141,     0,   125,   154,     0,   147,    75,     0,    69,     0,    41,    94,    47,     0,   205),
   (  250,   128,    91,     0,    51,     0,   225,   142,    81,     0,     0,   233,   158,    28,   154,     0,     0,   228,   176,   103,     0,   242,    66,   100,     0,    67,   215,     2,     0,   247,   238,   133,    78,     4,   135,   108,    58,     0,     0,    50,    98,     0,     0,     0,   121,     0,    34,   242,     0,    44,     0,    65,    18,    90,     0,   115,    69,     0,   240,    92,     0,     0,   128,    19),
   (    0,    47,   191,   109,   178,   108,     0,   160,     0,   145,   120,     3,     0,    31,   184,     0,   130,   240,     0,    68,   134,   241,    34,   218,   212,   218,   192,   211,     0,    24,    16,   253,    98,    56,    18,   160,   162,   124,   202,   177,     0,    54,   151,    89,     0,     0,     0,    64,     0,     0,    67,    93,     0,     5,     0,   136,     0,   240,     0,    11,    33,     0,   221,    82),
   (   93,     0,     0,   220,     0,   193,    20,    92,     2,   213,   186,   228,    23,   220,     0,   203,   156,   117,   189,     0,     0,   146,     0,   209,   225,    19,   240,     0,   110,    66,    66,   129,    43,    20,    56,   109,   137,   171,    17,    97,     0,   122,     0,   161,     0,    32,   169,    41,   248,   106,    23,   185,    34,   209,    69,     0,    41,    92,    11,     0,     0,     0,    97,   211),
   (   67,   116,    35,    31,    47,     0,    71,   147,     0,    36,   153,   114,   244,    14,     0,   114,   121,     0,   243,     0,   135,     0,    97,     0,     0,    39,   150,     0,    80,     0,   117,   197,   118,    34,    70,    43,     8,     0,   145,     0,     0,   232,     0,    61,   196,     0,    77,   106,   170,   130,   127,     0,     0,    90,    55,     0,    94,     0,    33,     0,     0,    43,     0,   247),
   (    0,   174,   226,     0,   169,   195,   209,    97,     0,     0,    23,   156,   248,     0,   140,    26,     9,    36,   194,     9,   255,   204,    32,   157,   128,     0,    96,     0,    27,    39,     0,   206,     6,    11,   122,     0,   184,   173,   249,   239,   153,   211,   222,   243,   119,     0,    80,   130,   251,   187,    68,   255,    20,   209,     0,   141,    47,     0,     0,     0,    43,     0,   161,   107),
   (  144,     0,     0,   217,    84,   154,    43,   147,   223,     0,   223,     0,     0,     0,   135,   112,   193,   121,   170,   103,     0,     0,    26,    85,   211,    58,     0,     0,   108,     0,   212,   210,   226,   120,     0,   114,   122,    70,    34,     0,     0,     0,    30,   117,   153,    36,   191,   225,     0,    17,     0,   163,   137,   132,     0,    76,     0,   128,   221,    97,     0,   161,     0,   184),
   (   83,   151,     0,     0,   137,   103,     0,    22,     3,   159,   186,     0,   123,     0,   223,     0,     0,     0,    40,   181,    16,    54,    69,    98,   240,     0,     0,   202,    46,   107,     0,   142,    16,    51,   209,    70,     0,   232,   237,     0,   198,     0,   136,   221,   212,   135,   149,   210,     0,    12,   154,    57,   198,    41,   228,   217,   205,    19,    82,   211,   247,   107,   184,     0));
   
  type list is array(0 to 1432) of integer;
  constant edge_list : list :=
  ( 279, 1480, 2107, 2308, 2745, 3042, 3929, 4543, 4839, 4912, 5512, 5783, 6170, 7133, 8583, 11116, 12516, 12859, 14078, 14842, 15427, 16016, 16211, 17163, 17438, 18382, 19542, 19974, 20687, 22048, 23743, 24488, 24729, 25061, 25451, 25680, 26816, 27410, 27788, 28414, 28841, 29167, 29934, 30456, 31279, 32174, 32663, 33248, 34012, 34269, 34533, 35276, 35408, 35735, 38149, 39170, 40612, 40827, 41187, 42175, 42962, 43024, 45951, 47227, 47451, 49285, 50420, 51535, 51783, 52171, 52390, 52782, 53198, 54013, 54372, 54620, 54788, 55238, 55734, 56454, 57611, 58369, 58885, 60593, 62013, 63722, 64109, 64543, 67150, 68003, 68266, 68459, 69027, 69279, 69512, 69848, 70847, 71260, 71639, 73342, 74206, 74285, 74926, 75919, 76512, 76594, 77504, 77939, 78824, 78956, 79305, 79548, 81492, 81801, 84437, 84729, 85225, 85400, 85899, 86940, 88305, 88500, 89858, 90410, 90869, 90915, 91194, 91941, 92829, 92945, 94492, 95147, 95449, 97217, 97731, 97946, 98151, 99662, 100259, 100611, 101231, 101906, 102464, 103193, 103479, 104631, 105122, 106679, 107112, 107281, 107594, 108411, 108687, 109344, 109826, 110185, 110807, 111188, 112356, 113428, 114129, 116062, 116955, 117496, 117857, 118224, 119199, 119764, 120492, 121270, 121466, 121825, 122416, 122831, 123021, 123685, 124063, 124675, 125177, 125212, 126123, 126466, 127433, 127554, 128189, 129422, 130195, 130401, 130707, 131957, 132282, 132576, 134164, 134723, 135312, 135592, 136217, 136666, 137374, 138828, 139243, 139396, 140888, 141726, 142046, 142383, 144623, 144796, 145094, 146178, 147167, 147203, 147881, 149314, 149705, 151157, 151414, 151558, 151809, 152704, 154264, 155464, 155827, 155934, 157273, 157924, 158106, 158662, 158741, 159372, 159640, 159784, 160226, 160421, 160700, 161048, 162852, 163743, 164219, 166045, 166787, 167509, 167820, 168695, 168893, 169865, 170159, 170945, 171076, 171640, 173591, 174286, 174476, 174842, 175136, 176502, 177386, 177759, 179353, 179935, 183620, 186538, 188002, 189044, 191040, 192046, 192992, 193066, 193520, 194382, 194744, 195075, 195556, 196648, 197311, 198303, 198946, 199373, 200635, 201373, 201688, 201760, 202678, 205140, 207463, 207860, 209087, 209734, 209955, 210541, 210833, 211358, 211735, 213052, 214009, 214678, 215142, 215653, 216926, 217374, 219135, 219169, 219634, 219825, 220991, 221393, 221506, 222263, 222728, 223082, 223726, 224579, 226406, 226868, 227397, 227612, 228366, 229455, 229926, 230729, 232393, 232841, 233982, 234579, 235400, 235601, 236516, 236881, 238495, 238933, 240075, 240388, 240917, 241167, 241606, 242508, 242864, 243073, 243708, 244408, 245383, 247584, 248048, 249499, 252088, 253658, 254546, 254930, 255108, 256647, 257712, 259018, 259937, 261067, 261402, 261744, 262328, 262768, 263675, 264164, 265336, 265560, 266046, 267049, 267350, 267993, 268466, 269230, 269966, 270503, 270796, 271212, 271953, 272874, 273051, 273197, 275024, 275852, 276134, 276684, 277404, 277625, 279255, 279499, 280130, 282530, 283512, 286341, 286608, 286754, 287507, 287953, 288328, 289395, 289714, 290932, 291252, 291379, 291704, 293616, 294180, 295192, 295997, 296309, 296903, 297016, 298295, 298500, 299128, 300641, 302604, 303034, 303324, 305499, 305682, 305992, 306819, 307133, 307299, 308036, 308458, 308672, 308793, 308995, 310515, 311080, 312035, 313814, 314276, 315094, 318203, 318888, 319275, 320258, 321335, 321581, 322794, 323074, 323553, 324196, 325151, 325413, 325991, 326212, 327749, 328079, 328265, 329136, 329683, 330722, 331192, 332547, 333397, 333569, 334349, 336236, 336495, 337986, 338473, 338726, 339926, 340001, 340320, 341534, 342239, 343551, 343824, 344387, 345181, 345463, 346074, 346381, 346874, 347056, 347169, 347556, 347672, 348113, 348831, 349381, 350496, 350725, 351444, 351701, 351863, 352341, 352906, 353334, 354019, 355100, 356550, 356656, 357198, 358266, 361200, 362097, 362520, 363075, 363314, 363562, 363859, 364949, 365410, 365946, 367176, 367767, 368117, 368853, 369139, 369509, 370324, 370926, 370977, 371254, 371735, 372316, 372533, 373318, 373879, 374040, 374486, 374853, 375106, 376346, 376645, 377481, 378322, 378785, 379764, 380707, 381100, 381262, 381911, 382253, 383192, 383675, 384390, 385513, 386440, 386745, 386886, 387521, 388256, 388512, 389912, 390472, 390934, 391271, 391524, 392145, 392605, 392789, 393058, 393828, 394072, 395625, 396420, 397956, 398796, 399816, 400244, 400668, 400943, 401278, 402614, 403197, 404110, 404376, 405256, 406626, 407325, 407690, 408276, 408545, 409701, 411994, 412302, 412827, 413187, 413484, 413705, 414911, 415294, 415515, 416800, 417452, 417907, 418497, 419014, 419223, 420070, 420326, 421118, 422006, 423004, 423389, 423560, 423952, 424666, 427298, 429673, 430214, 432434, 433122, 434757, 435315, 436145, 436904, 437244, 437418, 437818, 438279, 438543, 438951, 439636, 440338, 441024, 441328, 441494, 442895, 443354, 443469, 443817, 444417, 444868, 445216, 445590, 446727, 447316, 447731, 449013, 450949, 452285, 452491, 452801, 453743, 453913, 454226, 454892, 455409, 455926, 456962, 458698, 458887, 459922, 460105, 460705, 460803, 461685, 462280, 462505, 462992, 463346, 463540, 464888, 464965, 465888, 466548, 466820, 467180, 468140, 469026, 469445, 469532, 469793, 470927, 471208, 471823, 472481, 472586, 473017, 473966, 474192, 474395, 474732, 475206, 475552, 475760, 478467, 479083, 484130, 484697, 485698, 486269, 486663, 487570, 488241, 489215, 489272, 489709, 490008, 490306, 490791, 491775, 491902, 492372, 492997, 494632, 496454, 497533, 499674, 500291, 500596, 501543, 502059, 502590, 502984, 503495, 504379, 504627, 504950, 506051, 506690, 506997, 507604, 507913, 509631, 510629, 510917, 511056, 511521, 511833, 512070, 513305, 513591, 513954, 514440, 514770, 514933, 515374, 516971, 517726, 518472, 518795, 519974, 520415, 521278, 521818, 523005, 524174, 525495, 525785, 527202, 527567, 528365, 529493, 530203, 530461, 530998, 531343, 532162, 533236, 533689, 534693, 535448, 535632, 535903, 536452, 536855, 537418, 537685, 537952, 538597, 539234, 539435, 539766, 541421, 542316, 542735, 543304, 544638, 545214, 545488, 545687, 546835, 547215, 548017, 548280, 549009, 552346, 554726, 555236, 557084, 557412, 557677, 559022, 559321, 559701, 560304, 560867, 561413, 561738, 562139, 563136, 564057, 564459, 564589, 566739, 567093, 567491, 568222, 569060, 570120, 572216, 572486, 572794, 573993, 574419, 576955, 578095, 579062, 579670, 579936, 580144, 580480, 581783, 581977, 582238, 583296, 583426, 583681, 584322, 584570, 584941, 585354, 585669, 587068, 587363, 587703, 588140, 588448, 588653, 588843, 589638, 592410, 592827, 594503, 594838, 595067, 596905, 597344, 597715, 598333, 598821, 599523, 600653, 600891, 602130, 603337, 604030, 604327, 605624, 606445, 606705, 607419, 607836, 608148, 608393, 608741, 609008, 609291, 610479, 610713, 611305, 613531, 613896, 614202, 614737, 615378, 619707, 620165, 621180, 622150, 623011, 624601, 625456, 625676, 626211, 627547, 629374, 630000, 630190, 630357, 631149, 631332, 632162, 632997, 633432, 634101, 634312, 635816, 637713, 638457, 638498, 638957, 639976, 641380, 642177, 642572, 644325, 644376, 644715, 645294, 646218, 646620, 647073, 647195, 647541, 648357, 648500, 649497, 650160, 650822, 651545, 652396, 652924, 653299, 653484, 654177, 654831, 655382, 656737, 658306, 659080, 659253, 659873, 661300, 661692, 662070, 662863, 663113, 664988, 666187, 666422, 666811, 667626, 668773, 668986, 670050, 671686, 671911, 672060, 672469, 672922, 675027, 676136, 676646, 677138, 678139, 678808, 679997, 680741, 681053, 683523, 683879, 684506, 684984, 685791, 686970, 688320, 688530, 688910, 690023, 693157, 694666, 695176, 695728, 695926, 696559, 696677, 696871, 697647, 699315, 699611, 700452, 700754, 701436, 702186, 703127, 703966, 704392, 705080, 706505, 706587, 710236, 710543, 711134, 712618, 714374, 717161, 717316, 717667, 717938, 718526, 719084, 719449, 719777, 719933, 720371, 720501, 722127, 722368, 724193, 724651, 725196, 725304, 726276, 728203, 728870, 729585, 729778, 731018, 731554, 732756, 733133, 733924, 734305, 734525, 734817, 735390, 735609, 736921, 737304, 737961, 738221, 738320, 738788, 739204, 739447, 739814, 739842, 740184, 741156, 741470, 741739, 743734, 744051, 745471, 746064, 746477, 746989, 747875, 748679, 750077, 750430, 751076, 752416, 753188, 753742, 754344, 754487, 755950, 757233, 757954, 758109, 758790, 759160, 759814, 761029, 761811, 761957, 764576, 764816, 765430, 767324, 768290, 769101, 769360, 769727, 769941, 770651, 771864, 772192, 772968, 773130, 774019, 774180, 776112, 776563, 776925, 776984, 778561, 779450, 779840, 780277, 780839, 781704, 782430, 782688, 783432, 784206, 784882, 786386, 787099, 788282, 788542, 789049, 789338, 789963, 790197, 792251, 792378, 792609, 794341, 795601, 795978, 796165, 797152, 798383, 799839, 800007, 801962, 802299, 802953, 803629, 804019, 804986, 806033, 806192, 806562, 807632, 808568, 809730, 810052, 810439, 810694, 811621, 813113, 814825, 816348, 816857, 817036, 817293, 818306, 818705, 819687, 819898, 820634, 821474, 821918, 822396, 822735, 823156, 824801, 825391, 826436, 826691, 827510, 828411, 828525, 829644, 830197, 830959, 830985, 831297, 833239, 834115, 835482, 836375, 839112, 840607, 842285, 842743, 843670, 845149, 847475, 847644, 848408, 849615, 850525, 850873, 851619, 852604, 852832, 853598, 856021, 856535, 858867, 859238, 860460, 861132, 862640, 862846, 865538, 865815, 866578, 867106, 867604, 867977, 869050, 869236, 869828, 869936, 871186, 871536, 871807, 873325, 873673, 873840, 874689, 875482, 876099, 876815, 877585, 878934, 881021, 881239, 881477, 882651, 883034, 883665, 884177, 884356, 885453, 885555, 887226, 888425, 888755, 889249, 890297, 890850, 893602, 895174, 896821, 898436, 898955, 899219, 899909, 901493, 901866, 902208, 903564, 905331, 905568, 909089, 909586, 910700, 910968, 911574, 911790, 912102, 912284, 912878, 913495, 913953, 914408, 914565, 915827, 917068, 917982, 918821, 919719, 920291, 921407, 922018, 922513, 922945, 926457, 926622, 926988, 927283, 927894, 929042, 929468, 930016, 930685, 930970, 931659, 934272, 934963, 935649, 936017, 936937, 937626, 938468, 938672, 939506, 940355, 940759, 941559, 941806, 941957, 942158, 942340, 942727, 943162, 943922, 946476, 947009, 948293, 948976, 949084, 949888, 950035, 950975, 951474, 951660, 952224, 952721, 952952, 953631, 954498, 955526, 955889, 955938, 956378, 957395, 957968, 958776, 958994, 959650, 960202, 960433, 960822, 962368, 963845, 964488, 966482, 966749, 967644, 968540, 969173, 969402, 970204, 971125, 971453, 972178, 973075, 974721, 975124, 976009, 976299, 978601, 978729, 979192, 979306, 979479, 981033, 981515, 982995, 983412, 983587, 984111, 984647, 985970, 986356, 986994, 988295, 988769, 989479, 991173, 991522, 992264, 992913, 993768, 994500, 995178, 995967, 996698, 996919, 997470, 997921, 998699, 1000162, 1000617, 1002007, 1002396, 1002744, 1003148, 1003529, 1004226, 1004297, 1005004, 1005088, 1005696, 1006176, 1007566, 1007622, 1007883, 1009069, 1009817, 1010131, 1010807, 1011586, 1012155, 1012292, 1012735, 1013645, 1013807, 1016793, 1017387, 1020097, 1020281, 1020586, 1020775, 1022163, 1022266, 1023954, 1024226, 1024376, 1024882, 1025146, 1026590, 1028065, 1030877, 1031009, 1031585, 1034006, 1034938, 1035387, 1035999, 1037237, 1037622, 1038576, 1039406, 1039723, 1040400, 1040691, 1041105, 1041896, 1043421, 1043668, 1043847, 1044748, 1045305, 1045702, 1045801, 1046244, 1046489, 1046733, 1047799, 1047915, 1048248 );

  type key is array(0 to 63) of integer;
  constant answer_key : key :=
  ( 0, 23, 1638421, 2162717, 2949145, 2031627, 589831, 2555932, 1769485, 4, 2949131, 3801117, 524321, 1900563, 1638422, 2949165, 589834, 589829, 917530, 2293785, 1245212, 589841, 196641, 1310749, 26, 1048595, 1376278, 1114124, 524304, 2949136, 1179686, 9, 3997721, 3735570, 1114122, 2621463, 196638, 3670055, 851995, 2293785, 22, 3014686, 196651, 917530, 1376277, 393225, 1245211, 1572898, 1703965, 1769486, 2818078, 2228242, 3473438, 589852, 1835034, 1179677, 2949147, 1769486, 3866650, 524303, 852001, 1048595, 3211295, 524304 );
