  type t_2d_a is array(0 to 63, 0 to 63) of integer range 0 to 255;
  constant input_key : t_2d_a :=
  ((2424966, 4390912, 2080397045, 2046869067, 2055864371, 902186496, 13828163, 9754, 7251200, 15335424, 10463153, 8521472, 2063654144, 43264, 13565952, 35401, 0, 0, 145, 0, 28388960, 0, 28390816, 0, 7, 228, 13, 15, 48, 0, 96, 0, 28390864, 0, 2, 78, 4, 247, 6, 2, 7, 76, 10, 201, 19, 207, 25, 237, 35, 162, 36, 209, 144, 0, 272, 0, 8, 59, 13, 55, 21, 75, 22, 99),
   (620811008, 503316720, 30208, 805366784, 1157682688, 1691931136, 0, 1895834972, 2255521045, 4404480, 3546378752, 3623878656, 228392960, 1074, 8464128, 329449594, 0, 0, 145, 0, 28390048, 0, 3371842552, 32623, 8, 124, 11, 208, 48, 0, 96, 0, 0, 0, 4, 166, 5, 207, 7, 132, 8, 197, 10, 203, 14, 46, 22, 188, 52, 189, 53, 103, 144, 0, 272, 0, 2, 252, 3, 72, 11, 131, 13, 146),
   (13828096, 3884405504, 3342530, 2566975744, 14811136, 4264757248, 1079115821, 0, 2785041420, 0, 1316618269, 5486968, 55275, 1547520, 4243075328, 14155776, 14, 197, 65, 0, 28394752, 0, 28395600, 0, 40, 207, 47, 177, 50, 188, 20, 160, 64, 0, 272, 0, 1, 211, 4, 231, 5, 135, 6, 83, 9, 51, 11, 194, 21, 51, 25, 82, 32, 166, 40, 78, 51, 235, 56, 252, 57, 232, 12, 153),
   (2248146944, 1442840576, 3777884376, 1300291301, 30976, 11779314, 2344419391, 2298480896, 153, 1912602867, 38144, 3884449792, 7930044, 2424832, 1207981511, 385902080, 0, 0, 81, 0, 21248, 16121955, 11141366, 1325444096, 2480406669, 1795213568, 3204486144, 186, 2721344268, 3661562024, 33554611, 14287360, 1224756224, 1286078208, 3145977, 8585216, 15, 67, 65, 0, 28394176, 0, 28396384, 0, 30, 9, 33, 144, 41, 220, 42, 240, 64, 0, 80, 0, 0, 9933939, 6422528, 49408, 95, 374157347, 215, 0),
   (2025302, 0, 3688268800, 6116471, 2650800128, 30743, 137, 1879048192, 2501771264, 3514761216, 4155146496, 3150341888, 10420355, 1130240, 12386304, 1091072, 0, 0, 81, 0, 895811072, 14707473, 15073458, 3687282688, 1660944544, 1712, 16717312, 0, 5263104, 4076863617, 9728, 28577, 0, 15612672, 32512, 3254780039, 0, 0, 529, 0, 0, 73, 1, 122, 5, 14, 9, 122, 20, 135, 22, 49, 23, 56, 31, 26, 35, 31, 38, 66, 40, 185, 47, 187),
   (1124108032, 63214, 12457984, 9175255, 2868937968, 3760259265, 3069876182, 2667614787, 1570251775, 149, 553653248, 3604480, 552704, 3505520640, 939524161, 8507150, 0, 0, 81, 0, 13828096, 3884405504, 3342530, 2566975744, 14811136, 4264757248, 1079115821, 0, 2785041420, 0, 1316618269, 5486968, 55275, 1547520, 4243075328, 14155776, 14, 197, 65, 0, 28394752, 0, 28395600, 0, 40, 207, 47, 177, 50, 188, 20, 160, 64, 0, 272, 0, 1, 211, 4, 231, 5, 135, 6, 83),
   (21248, 16121955, 11141366, 1325444096, 2480406669, 1795213568, 3204486144, 186, 2721344268, 3661562024, 33554611, 14287360, 1224756224, 1286078208, 3145977, 8585216, 15, 67, 65, 0, 28394176, 0, 28396384, 0, 30, 9, 33, 144, 41, 220, 42, 240, 64, 0, 80, 0, 0, 9933939, 6422528, 49408, 95, 374157347, 215, 0, 704668975, 738244864, 2013322496, 1618788096, 11321576, 2981691392, 201326636, 1932656640, 0, 0, 273, 0, 1, 69, 4, 158, 6, 147, 8, 223),
   (15728640, 15622912, 3063296, 4223467520, 4235067526, 285253632, 12350208, 3774909549, 3506443426, 3514859748, 1287575808, 1767023367, 426508288, 0, 7471161, 2117174337, 19, 93, 273, 0, 1, 39, 3, 85, 14, 59, 17, 123, 24, 49, 29, 249, 31, 235, 32, 121, 35, 222, 37, 152, 43, 77, 51, 204, 57, 193, 2, 49, 10, 81, 13, 10, 20, 127, 21, 12, 27, 215, 30, 61, 33, 32, 34, 70),
   (2080375009, 3674210304, 16128, 3407887800, 3758019840, 41472, 2181038130, 24282, 1429115392, 13056768, 6173, 3532036546, 3137339392, 3177644032, 2038104188, 50432, 0, 0, 81, 0, 1124085055, 2312503296, 838871793, 3791678464, 9830400, 0, 685954816, 318767212, 2281701376, 15199, 2868966400, 3738632194, 3356627548, 11337728, 55040, 0, 0, 0, 81, 0, 3203199454, 1409330176, 1028194304, 8192133, 13762757, 2021916672, 553697644, 1107296395, 40, 1959424, 2359505, 4027320038, 522190848, 697875560, 10631936, 10169995, 13, 125, 65, 0, 3371842472, 32623, 28394176, 0),
   (13101, 3602819630, 0, 3003140449, 524288, 3869835264, 744317440, 227, 2285633536, 15138816, 16711680, 520123906, 35212, 12583098, 207, 122, 0, 0, 241, 0, 3371842648, 32623, 28388448, 0, 6, 73, 17, 123, 48, 0, 48, 0, 28389056, 0, 5, 129, 6, 131, 7, 49, 26, 148, 97, 0, 28392624, 0, 28388960, 0, 12, 219, 14, 120, 48, 0, 49, 0, 28386880, 0, 28390048, 0, 14, 59, 17, 123),
   (1450574064, 2216165566, 1056964695, 0, 139, 62436, 3959423018, 1811939375, 6912, 3279224832, 3379560448, 2919235584, 1811983104, 604013056, 100684287, 1846987602, 0, 0, 81, 0, 16523, 11976448, 2183982080, 393552225, 1124109312, 15466496, 40, 3154136550, 867303616, 39424, 1548890149, 3204, 53504, 4718682, 12721, 29, 0, 0, 273, 0, 2, 51, 3, 45, 4, 214, 5, 190, 6, 170, 7, 46, 14, 73, 15, 97, 17, 8, 20, 230, 26, 98, 31, 227),
   (4110467800, 62976, 22272, 0, 180, 2986344448, 241, 12288, 3875563008, 167790592, 1660967424, 4325376, 3540834665, 14352543, 2199322832, 1040187392, 0, 0, 81, 0, 14024825, 8650752, 3573547008, 3717726208, 2080374784, 0, 2348810240, 2030078789, 4227708091, 2264924160, 11737245, 35452, 26280035, 430702716, 0, 1258308608, 17, 8, 65, 0, 28391968, 0, 3371842472, 32623, 10, 36, 12, 29, 41, 255, 44, 31, 64, 0, 80, 0, 1450574064, 2216165566, 1056964695, 0, 139, 62436, 3959423018, 1811939375),
   (2050005325, 20475, 3417505792, 215, 56774, 3679584344, 385876194, 2, 0, 11075584, 4128983, 2097152099, 5963841, 486556244, 11, 2752584, 0, 0, 273, 0, 0, 75, 3, 229, 4, 119, 5, 215, 9, 97, 12, 215, 13, 49, 8, 184, 14, 133, 24, 97, 30, 86, 34, 74, 35, 255, 36, 198, 42, 92, 46, 12, 55, 237, 59, 157, 61, 150, 16, 67, 17, 150, 21, 240),
   (128, 1569456317, 536870912, 32049, 3003160576, 3351121351, 1962934272, 529268736, 399311099, 14095, 786432, 12153856, 4194107392, 1210712064, 2457602560, 570425344, 0, 0, 81, 0, 2080375009, 3674210304, 16128, 3407887800, 3758019840, 41472, 2181038130, 24282, 1429115392, 13056768, 6173, 3532036546, 3137339392, 3177644032, 2038104188, 50432, 0, 0, 81, 0, 1124085055, 2312503296, 838871793, 3791678464, 9830400, 0, 685954816, 318767212, 2281701376, 15199, 2868966400, 3738632194, 3356627548, 11337728, 55040, 0, 0, 0, 81, 0, 3203199454, 1409330176, 1028194304, 8192133),
   (3203199454, 1409330176, 1028194304, 8192133, 13762757, 2021916672, 553697644, 1107296395, 40, 1959424, 2359505, 4027320038, 522190848, 697875560, 10631936, 10169995, 13, 125, 65, 0, 3371842472, 32623, 28394176, 0, 27, 108, 35, 40, 37, 29, 41, 36, 64, 0, 272, 0, 4, 93, 5, 140, 7, 189, 3, 128, 8, 32, 15, 49, 23, 199, 24, 117, 32, 23, 33, 205, 38, 55, 39, 15, 41, 12, 45, 185),
   (1258291429, 2010578944, 3093364736, 3610346752, 1133903872, 15728734, 1630142464, 22016, 2083212031, 3321888768, 2063621120, 8719391, 26624, 46829, 157, 899022848, 14, 133, 65, 0, 28393328, 0, 28394752, 0, 35, 255, 36, 198, 42, 92, 46, 12, 64, 0, 80, 0, 2050005325, 20475, 3417505792, 215, 56774, 3679584344, 385876194, 2, 0, 11075584, 4128983, 2097152099, 5963841, 486556244, 11, 2752584, 0, 0, 273, 0, 0, 75, 3, 229, 4, 119, 5, 215),
   
  type key is array(0 to 63) of integer;
  constant answer_key : key :=
  ( 0, 37, 3473439, 3473453, 3473433, 3211307, 3014665, 3080246, 2752585, 1114157, 3670068, 3211311, 2031644, 2555953, 3014669, 3014675, 1966127, 3014693, 3145766, 51, 1441837, 3670071, 131111, 262192, 3014675, 2687025, 3670074, 3080241, 3473454, 2293824, 38, 26, 2949152, 262199, 2555948, 393237, 720953, 917546, 2949166, 2031650, 393227, 2293807, 2031665, 2031663, 3473462, 917529, 7, 589871, 2031653, 2555939, 1769539, 3670087, 917558, 3014664, 65577, 2097209, 3866670, 2097198, 852027, 786471, 2293802, 262185, 3866667, 1572912 );
